session_id;date;user_id;user_age;pc_zone;hours_played;extra_bar_spent;total_paid;payment_method;game_played;client_rating;discount_promo
SESS-13612;2026-08-03 02:36:00;USR-1127;17;Standard;5;600;500;Card;Valorant;5.0;0
SESS-10393;2026-08-02 15:30:00;USR-1623;22;Bootcamp;3;490;450;Card;PUBG;4.0;0
SESS-16995;2026-08-03 18:45:00;USR-1675;22;VIP;3;0;600;Card;CS2;4.5;0
SESS-16983;2026-08-03 13:02:00;USR-1069;16;Standard;1;0;100;Card;Dota 2;4.0;0
SESS-10023;2026-08-12 13:04:00;USR-1186;21;Standard;4;0;400;App;Minecraft;4.0;0
SESS-11144;2026-08-03 15:56:00;USR-1137;16;VIP;2;340;400;Card;Minecraft;3.0;0
SESS-16618;2026-08-12 16:43:00;USR-1200;14;Standard;5;250;450;Card;CS2;3.0;1
SESS-11287;2026-08-31 12:26:00;USR-1207;17;PS5;2;240;500;Card;Dota 2;4.0;0
SESS-16338;2026-08-05 21:11:00;USR-1673;16;Standard;2;0;200;Card;Dota 2;4.5;0
SESS-14829;2026-08-31 01:11:00;USR-1212;20;Standard;2;160;200;Card;Dota 2;5.0;0
SESS-13379;2026-08-01 09:01:00;USR-1226;38;Standard;3;0;300;Card;CS2;4.0;0
SESS-13539;2026-08-19 00:11:00;USR-1149;17;Standard;3;0;270;Card;CS2;3.0;1
SESS-12651;2026-08-15 01:50:00;USR-1096;28;VIP;2;0;400;Card;Valorant;5.0;0
SESS-14562;2026-08-08 18:01:00;USR-1641;34;Bootcamp;1;180;135;App;Apex Legends;4.0;1
SESS-16523;2026-08-26 01:58:00;USR-1479;18;PS5;3;240;750;Card;CS2;4.5;0
SESS-11728;2026-08-26 19:06:00;USR-1136;29;VIP;8;500;1600;Cash;Minecraft;4.0;0
SESS-14881;2026-08-04 11:06:00;USR-1595;20;Standard;2;0;200;Card;CS2;5.0;0
SESS-17143;2026-08-30 17:01:00;USR-1140;20;Bootcamp;3;0;450;App;Browser/Work;4.0;0
SESS-16330;2026-08-13 09:03:00;USR-1221;22;PS5;3;0;750;Card;Minecraft;4.5;0
SESS-12138;2026-08-11 03:30:00;USR-1138;19;Standard;3;0;270;App;Dota 2;5.0;1
;2026-08-02 23:58:00;;36;Standard;1;0;100;Cash;CS2;2.0;0
SESS-16597;2026-08-20 03:29:00;USR-1703;20;PS5;1;0;225;Card;PUBG;4.5;1
SESS-14245;2026-08-29 14:57:00;USR-1086;24;Standard;2;100;200;App;Dota 2;4.5;0
SESS-10554;2026-08-01 20:23:00;USR-1330;18;VIP;3;490;600;Card;PUBG;4.5;0
SESS-16367;2026-08-18 22:10:00;USR-1180;17;VIP;2;0;400;Card;Dota 2;1.0;0
SESS-14446;2026-08-19 01:02:00;USR-1279;16;VIP;12;0;2400;Card;Apex Legends;4.0;0
SESS-11509;2026-08-17 12:56:00;USR-1044;17;Standard;12;0;1200;App;Minecraft;2.0;0
SESS-10457;2026-08-27 23:47:00;USR-1529;16;Standard;4;0;400;Card;Valorant;5.0;0
SESS-16041;2026-08-27 01:45:00;USR-1299;21;Standard;3;360;270;Card;CS2;4.5;1
SESS-14217;2026-08-24 23:12:00;USR-1721;20;Bootcamp;2;0;270;Card;Dota 2;4.0;1
SESS-16952;2026-08-11 00:40:00;USR-1623;22;Standard;2;160;200;App;Valorant;3.0;0
SESS-12476;2026-08-08 11:05:00;USR-1752;24;Bootcamp;4;730;600 ₽;Card;CS2;5.0;0
SESS-12571;2026-08-11 02:01:00;USR-1011;39;Standard;5;0;450;App;CS2;4.0;1
SESS-15229;2026-08-05 06:15:00;USR-1648;15;Standard;3;360;300;App;Dota 2;4.5;0
SESS-12829;2026-08-10 09:06:00;USR-1097;19;Standard;12;0;1200;App;CS2;2.0;0
SESS-17258;2026-08-24 05:31:00;USR-1773;19;Standard;2;0;200;Card;Cyberpunk 2077;4.0;0
SESS-16165;2026-08-10 01:49:00;USR-1240;21;Standard;1;0;100;Card;CS2;4.0;0
SESS-11297;2026-08-09 02:11:00;USR-1203;25;Bootcamp;1;180;150;Card;Cyberpunk 2077;5.0;0
SESS-13422;2026-08-12 19:45:00;USR-1741;25;Standard;5;600;500;App;CS2;5.0;0
SESS-12755;2026-08-24 23:53:00;USR-1171;39;Standard;2;0;200;Card;CS2;4.0;0
SESS-15707;2026-08-05 06:06:00;USR-1206;15;Standard;3;0;300;Card;Dota 2;4.0;0
SESS-16057;2026-08-01 06:47:00;USR-1580;23;Bootcamp;4;1050;600;Cash;Deadlock;4.0;0
SESS-13545;2026-08-13 15:36:00;USR-1690;24;PS5;2;240;500;Cash;Dota 2;4.5;0
SESS-16861;08/21/26;USR-1386;21;Standard;2;160;200;App;Cyberpunk 2077;4.5;0
SESS-13411;2026-08-28 02:42:00;USR-1323;20;Standard;2;160;200;Card;PUBG;4.0;0
SESS-13172;2026-08-31 15:41:00;USR-1468;32;PS5;2;0;500;Card;CS2;3.0;0
SESS-13836;2026-08-18 06:42:00;USR-1160;14;PS5;2;160;500;Card;CS2;4.5;0
SESS-13688;2026-08-11 05:56:00;USR-1363;26;VIP;3;0;540;Card;PUBG;5.0;1
SESS-11426;2026-08-03 21:14:00;USR-1034;16;Bootcamp;2;650;300;Cash;Minecraft;4.0;0
SESS-13731;2026-08-02 14:20:00;USR-1043;22;Bootcamp;3;460;405;Card;CS2;4.0;1
SESS-11615;2026-08-12 21:42:00;USR-1632;14;VIP;12;0;2400;Card;CS2;4.5;0
SESS-17209;2026-08-01 00:42:00;USR-1214;25;Bootcamp;1;0;135;Card;Dota 2;4.0;1
SESS-14316;2026-08-02 10:54:00;USR-1516;26;Standard;2;100;200;Card;Minecraft;4.5;0
SESS-10835;2026-08-22 05:31:00;USR-1023;22;Standard;1;0;100;App;Dota 2;4.0;0
SESS-10811;2026-08-24 15:56:00;USR-1165;14;Standard;2;240;200;Card;Dota 2;4.5;0
SESS-16066;2026-08-27 20:41:00;USR-1210;21;VIP;2;0;400;App;Dota 2;5.0;0
SESS-17106;2026-08-17 09:43:00;USR-1322;36;Standard;3 часа;0;300;App;CS2;5.0;0
SESS-16632;2026-08-08 16:58:00;USR-1213;16;Standard;1;0;100;Card;CS2;5.0;0
SESS-14094;2026-08-29 13:30:00;USR-1711;21;Standard;2;240;180;Card;CS2;5.0;1
SESS-10065;2026-08-20 02:48:00;USR-1668;22;VIP;2;260;400;Card;Valorant;3.0;0
SESS-10318;2026-08-31 18:07:00;USR-1249;3;Standard;-2;100;200;App;Apex Legends;4.0;0
SESS-16224;2026-08-16 14:48:00;USR-1764;22;VIP;12;0;2400;Cash;PUBG;4.0;0
SESS-10982;2026-08-29 09:51:00;USR-1255;18;Standard;4;0;400;Card;CS2;4.0;0
SESS-11480;2026-08-14 02:47:00;USR-1249;16;Standard;1;120;90;Card;Cyberpunk 2077;4.0;1
SESS-11193;2026-08-29 20:36:00;USR-1380;28;VIP ;12;2400;1080;Card;CS2;3.0;1
SESS-13286;2026-08-29 18:23:00;USR-1428;16;Bootcamp;2;0;300;App;Valorant;3.0;0
SESS-16178;2026-08-05 01:43:00;USR-1304;22;Standard;8;640;800;Card;Minecraft;5.0;0
SESS-15786;2026-08-14 13:10:00;USR-1383;18;Bootcamp;3;0;405;Cash;CS2;4.0;1
SESS-14567;2026-08-15 18:05:00;USR-1657;3;Bootcamp;-2;650;1080;Card;Dota 2;2.0;1
SESS-16079;2026-08-13 03:26:00;USR-1532;27;Bootcamp;2;350;300;App;Valorant;4.5;0
SESS-14053;2026-08-16 21:05:00;USR-1254;22;VIP;4;0;800;Cash;CS2;4.5;0
SESS-16662;2026-08-24 04:30:00;USR-1790;23;Standard;12;2400;1200;Card;CS2;2.0;0
SESS-12189;2026-08-13 15:55:00;USR-1421;27;Standard;4;320;400;Card;CS2;4.5;0
SESS-15252;2026-08-27 19:15:00;USR-1302;16;Standard;2;0;200;Card;CS2;4.0;0
SESS-12022;2026-08-24 03:18:00;USR-1144;14;Standard;2;0;200;Card;CS2;4.0;0
SESS-13784;2026-08-11 22:55:00;USR-1065;32;Bootcamp;2;0;300;App;Dota 2;4.5;0
SESS-10429;2026-08-09 10:13:00;USR-1229;20;Standard;4;0;400;App;Dota 2;4.0;0
SESS-11176;2026-08-30 04:23:00;USR-1597;25;Standard;8;0;800;App;Deadlock;4.5;0
SESS-16174;2026-08-14 18:21:00;USR-1186;21;Standard;1;0;100;Card;Apex Legends;4.0;0
SESS-17087;2026-08-29 22:21:00;USR-1156;45;Standard;1;50;100;Card;Valorant;4.0;0
SESS-12618;2026-08-08 20:02:00;USR-1404;15;Standard;2;240;200;Card;CS2;4.0;0
SESS-12943;2026-08-12 11:53:00;USR-1060;18;VIP;2;350;400;Card;Apex Legends;3.0;0
SESS-11005;2026-08-09 19:41:00;USR-1176;20;Standard;3;0;300;App;Dota 2;4.5;0
SESS-12132;2026-08-28 17:32:00;USR-1579;27;Standard;1;80;100;Card;Dota 2;5.0;0
SESS-12540;2026-08-08 18:58:00;USR-1032;16;Standard;2;160;200;Card;CS2;4.5;0
SESS-15693;2026-08-05 20:49:00;USR-1776;16;VIP;1;0;200;Card;CS2;4.5;0
SESS-12653;2026-08-21 12:18:00;USR-1347;21;VIP;2;0;400;Card;CS2;5.0;0
SESS-16209;2026-08-20 02:22:00;USR-1457;36;Bootcamp;3;0;450;Card;Dota 2;4.5;0
SESS-12249;2026-08-31 09:50:00;USR-1055;24;VIP;2;0;400;Cash;GTA V;4.5;0
SESS-11393;2026-08-12 09:29:00;USR-1373;16;Bootcamp;2;410;300;Cash;Dota 2;3.0;0
SESS-12098;2026-08-03 13:55:00;USR-1742;22;Standard;2;240;200;Card;Dota 2;3.0;0
SESS-15465;2026-08-12 14:30:00;USR-1161;19;Standard;2;0;200;Card;CS2;1.0;0
SESS-11022;2026-08-20 07:32:00;USR-1549;19;Bootcamp;3;460;450;;Minecraft;3.0;0
SESS-10230;2026-08-25 06:57:00;USR-1512;15;Bootcamp;3;340;450;Card;Apex Legends;4.5;0
SESS-11650;2026-08-01 22:21:00;USR-1128;21;Bootcamp;4;0;600;App;Dota 2;4.0;0
SESS-10472;2026-08-19 14:04:00;USR-1057;32;Standard;2;240;200;Card;Valorant;4.0;0
SESS-15379;2026-08-31 07:11:00;USR-1132;17;VIP;2;0;400;Card;Apex Legends;2.0;0
SESS-16749;2026-08-24 20:17:00;USR-1444;19;PS5;1;50;250;App;CS2;4.5;0
SESS-11084;2026-08-14 17:11:00;USR-1576;36;PS5;1;50;250;App;Valorant;4.5;0
SESS-11940;2026-08-09 09:47:00;USR-1769;15;Standard;12;0;1080;Card;CS2;3.0;1
SESS-15876;08/01/26;USR-1747;25;Standard;2;160;200;Card;Minecraft;4.0;0
SESS-17007;2026-08-25 11:50:00;USR-1218;16;PS5;3;360;750;Card;Valorant;5.0;0
SESS-10852;2026-08-28 02:00:00;USR-1674;23;Standard;1;200;100;Card;Apex Legends;4.0;0
SESS-16333;2026-08-29 08:03:00;USR-1212;20;Standard;2;0;180;Card;Minecraft;4.0;1
SESS-12227;2026-08-31 22:52:00;USR-1067;23;VIP;2;0;400;Card;CS2;4.0;0
SESS-11897;2026-08-03 16:00:00;USR-1480;16;Standard;2;100;200;Card;Deadlock;4.0;0
SESS-12127;2026-08-28 17:01:00;USR-1742;22;Bootcamp;2 ч.;0;300;Card;CS2;2.0;0
SESS-14098;2026-08-03 11:19:00;USR-1449;17;Standard;4;0;400;Card;Dota 2;4.0;0
SESS-12522;2026-08-12 20:11:00;USR-1767;29;Standard;4;200;400;Card;Minecraft;3.0;0
SESS-14398;2026-08-01 09:47:00;USR-1787;17;Bootcamp;4;0;600;Card;PUBG;4.5;0
SESS-12574;2026-08-02 04:55:00;USR-1067;23;Standard;3;360;300;Card;CS2;4.5;0
SESS-16128;2026-08-24 12:45:00;USR-1573;23;Standard;2;0;180;Card;Dota 2;4.0;1
SESS-10408;2026-08-26 17:41:00;USR-1124;23;Standard;4;0;360;Card;CS2;5.0;1
SESS-15285;2026-08-24 05:54:00;USR-1454;18;Bootcamp;3;0;450;Card;Minecraft;5.0;0
SESS-11215;2026-08-16 23:53:00;USR-1678;14;Standard;4;0;400;Card;CS2;3.0;0
SESS-12902;2026-08-02 05:48:00;USR-1727;25;Standard;3;0;300;Card;Dota 2;4.5;0
SESS-17137;2026-08-18 05:00:00;USR-1518;24;Standard;2;240;200;Card;GTA V;1.0;0
SESS-11055;2026-08-10 16:16:00;USR-1098;20;Standard;2;0;200;App;CS2;4.5;0
SESS-16322;2026-08-16 20:37:00;USR-1160;14;Standard;1;0;90 ₽;Card;CS2;4.0;1
SESS-12337;2026-08-14 06:36:00;USR-1044;17;Bootcamp;4;0;540;;CS2;4.0;1
SESS-11056;2026-08-09 17:33:00;USR-1303;27;Bootcamp;3;700;450;App;CS2;4.0;0
SESS-10101;2026-08-16 13:53:00;USR-1291;23;PS5;2;0;500;App;CS2;3.0;0
SESS-15570;2026-08-12 14:37:00;USR-1423;17;Standard;3;360;300;Card;CS2;3.0;0
SESS-14738;2026-08-30 04:47:00;USR-1143;21;VIP;3;700;540;Card;CS2;4.0;1
SESS-16370;2026-08-25 10:59:00;USR-1057;32;PS5;2;100;500;Card;Minecraft;5.0;0
SESS-10132;2026-08-09 00:16:00;USR-1784;14;Bootcamp;1;0;150;Card;Apex Legends;4.5;0
SESS-13404;2026-08-26 16:18:00;USR-1237;14;Standard;3;0;300;Cash;Deadlock;5.0;0
SESS-12868;2026-08-04 09:14:00;USR-1109;22;VIP;1;0;200;Card;Minecraft;4.5;0
SESS-13386;2026-08-13 11:00:00;USR-1244;26;Bootcamp;1;220;150;Card;Dota 2;4.5;0
SESS-13728;2026-08-07 04:01:00;USR-1501;16;VIP;1;0;180;App;Dota 2;3.0;1
SESS-15889;2026-08-18 02:44:00;USR-1567;26;PS5;3;0;675;Card;Valorant;4.5;1
SESS-15828;2026-08-21 10:45:00;USR-1342;21;Standard;12;0;1200;Card;CS2;4.0;0
SESS-11263;2026-08-05 01:59:00;USR-1637;27;VIP;3;700;600;Card;Dota 2;4.0;0
SESS-12225;2026-08-17 08:09:00;USR-1216;20;Standard;5;250;500;Cash;Deadlock;3.0;0
SESS-13593;2026-08-05 02:47:00;USR-1455;31;Bootcamp;2;0;300;App;Dota 2;;0
SESS-10642;2026-08-18 16:13:00;USR-1394;24;Standard;1;0;100;Card;Dota 2;4.5;0
SESS-11512;2026-08-20 01:07:00;USR-1585;22;VIP;4;450;800;Card;CS2;4.0;0
SESS-16213;2026-08-26 06:31:00;USR-1663;21;Bootcamp;2;0;300;Card;CS2;5.0;0
SESS-16277;2026-08-27 03:48:00;USR-1481;32;;Standard;3;240;Card;CS2;4.5;0
SESS-12447;2026-08-24 09:09:00;USR-1395;36;Bootcamp;3;400;450;Card;GTA V;4.0;0
SESS-11867;2026-08-20 06:53:00;USR-1080;29;VIP;1;330;200;Card;Dota 2;4.0;0
SESS-15697;2026-08-23 22:29:00;USR-1170;14;Standard;4;320;400;Card;Valorant;4.5;0
SESS-10061;2026-08-03 04:31:00;USR-1649;16;Standard;8;0;800;App;Dota 2;4.5;0
SESS-12939;2026-08-23 15:02:00;USR-1463;20;Bootcamp;3;0;450;Card;Minecraft;4.0;0
SESS-15422;2026-08-24 18:32:00;USR-1681;27;VIP;2;490;400;Card;Minecraft;4.0;0
SESS-15714;2026-08-27 08:08:00;USR-1197;24;Standard;3;0;300;Card;Minecraft;4.5;0
SESS-14302;2026-08-26 05:52:00;USR-1592;20;Standard;1;0;100;Card;Dota 2;1.0;0
SESS-12899;2026-08-12 13:09:00;USR-1100;27;VIP ;3;0;675;App;Apex Legends;5.0;1
SESS-16849;2026-08-30 02:34:00;USR-1710;16;Standard;12;960;1200;Card;Deadlock;5.0;0
SESS-14010;2026-08-28 01:04:00;USR-1364;14;Bootcamp;2;340;300;App;GTA V;3.0;0
SESS-15090;2026-08-15 22:02:00;USR-1029;20;VIP;2;0;400;Cash;Browser/Work;4.5;0
SESS-11737;2026-08-26 15:36:00;USR-1136;29;Standard;2;240;200;Card;GTA V;4.5;0
SESS-14085;2026-08-29 06:21:00;USR-1143;21;Standard;8;0;800;App;Valorant;5.0;0
SESS-16089;2026-08-14 04:42:00;USR-1318;35;Standard;2;160;200;Card;Dota 2;5.0;0
SESS-12183;2026-08-02 23:53:00;USR-1103;20;Standard;1;0;100;Card;CS2;3.0;0
SESS-13103;2026-08-01 06:13:00;USR-1237;14;VIP;2;0;400;Card;CS2;3.0;0
SESS-12812;2026-08-24 04:58:00;USR-1180;17;VIP;4;300;800;Cash;Valorant;4.0;0
SESS-14898;2026-08-09 14:39:00;USR-1737;19;Standard;3;240;300;Card;Dota 2;4.5;0
SESS-16163;2026-08-16 08:39:00;USR-1465;14;Standard;1;0;100;Card;CS2;4.5;0
SESS-13857;2026-08-19 21:31:00;USR-1758;23;VIP;12;0;2400;Card;CS2;4.0;0
SESS-13541;2026-08-17 15:18:00;USR-1465;14;ps5;2;260;270;Card;PUBG;1.0;1
SESS-10737;2026-08-03 10:15:00;USR-1066;16;Bootcamp;2;410;270;Card;Apex Legends;4.5;1
SESS-13668;2026-08-10 04:55:00;USR-1631;21;Standard;3;0;270;App;GTA V;1.0;1
SESS-10538;2026-08-04 01:05:00;USR-1515;21;Standard;2;0;200;App;Dota 2;4.0;0
SESS-15009;2026-08-28 12:00:00;USR-1150;27;Standard;5;0;500;App;Minecraft;4.5;0
SESS-11729;2026-08-07 21:59:00;USR-1759;20;Standard;3;0;270;Card;Dota 2;2.0;1
SESS-16359;2026-08-10 20:32:00;USR-1215;32;VIP;3;0;600;Card;Dota 2;4.0;0
SESS-14734;2026-08-13 23:57:00;USR-1679;15;Standard;3;240;300;Card;Dota 2;4.0;0
SESS-12199;2026-08-11 16:13:00;USR-1745;18;VIP;3;0;600;Card;Dota 2;5.0;0
SESS-16807;2026-08-03 07:09:00;USR-1719;23;PS5;2;0;500;Card;Dota 2;1.0;0
SESS-14716;2026-08-04 01:15:00;USR-1510;17;VIP;2;0;400;Cash;Minecraft;3.0;0
SESS-16699;2026-08-14 15:09:00;USR-1515;21;Standard;12;0;1200;App;Valorant;4.0;0
SESS-15041;2026-08-23 02:53:00;USR-1391;20;VIP;4;0;800;Card;Valorant;2.0;0
SESS-14834;2026-08-19 20:33:00;USR-1653;31;Standard;3;0;300;Card;Deadlock;4.5;0
SESS-12263;2026-08-11 17:03:00;USR-1138;19;Standard;2;100;200;Card;CS2;5.0;0
SESS-11078;2026-08-04 00:28:00;USR-1487;16;Standard;2;0;200;Card;Valorant;5.0;0
SESS-10251;2026-08-11 11:35:00;USR-1324;14;Standard;12;0;1080;Card;CS2;4.0;1
SESS-12917;2026-08-19 19:13:00;USR-1538;16;Standard;8;640;800;Card;GTA V;4.0;0
SESS-15414;2026-08-22 01:08:00;USR-1121;21;Bootcamp;4;0;600;Card;GTA V;3.0;0
SESS-14690;2026-08-15 03:17:00;USR-1277;15;Standard;3;0;270;Cash;PUBG;4.5;1
SESS-15418;2026-08-14 10:33:00;USR-1341;16;;Bootcamp;1;0;Card;CS2;4.5;1
SESS-12937;2026-08-18 00:26:00;USR-1065;32;Standard;1;0;90;App;Dota 2;5.0;1
SESS-10037;2026-08-16 07:02:00;USR-1438;41;PS5;5;250;1250;Card;Valorant;4.0;0
SESS-14482;2026-08-21 09:24:00;USR-1760;17;Standard;1;0;100;Card;CS2;3.0;0
SESS-15159;2026-08-02 10:29:00;USR-1625;21;PS5;1;80;250;App;Valorant;4.0;0
SESS-14101;2026-08-27 01:24:00;USR-1769;15;PS5;1;0;250;Card;CS2;5.0;0
SESS-13159;2026-08-08 09:22:00;USR-1394;24;Bootcamp;2;0;270;Card;Valorant;5.0;1
SESS-15388;2026-08-09 14:37:00;USR-1418;16;Bootcamp;3;400;405;;CS2;5.0;1
SESS-13071;2026-08-15 14:13:00;USR-1526;15;VIP;2;0;360;Card;Minecraft;5.0;1
SESS-11405;2026-08-26 11:44:00;USR-1593;20;Standard;3;150;270;Card;CS2;4.5;1
SESS-12215;2026-08-06 21:13:00;USR-1661;34;Bootcamp;1;180;150;Card;Dota 2;5.0;0
SESS-11964;2026-08-13 18:05:00;USR-1296;17;Bootcamp;1;220;150;Card;Dota 2;5.0;0
SESS-15493;2026-08-18 23:31:00;USR-1559;18;PS5;4;320;1000;Card;PUBG;5.0;0
SESS-10095;2026-08-20 16:28:00;USR-1058;15;Standard;3;0;300;Card;Browser/Work;1.0;0
SESS-15125;2026-08-12 00:06:00;USR-1347;21;PS5;3;0;750;Card;CS2;3.0;0
SESS-12318;2026-08-02 11:23:00;USR-1288;16;Standard;2;100;200;Card;Minecraft;5.0;0
SESS-10996;2026-08-18 11:39:00;USR-1249;16;Standard;2;0;200;App;Minecraft;4.0;0
SESS-14112;2026-08-06 11:23:00;USR-1462;18;VIP;2;350;400;Card;CS2;5.0;0
SESS-12627;2026-08-08 15:36:00;USR-1401;14;PS5;2;0;500;App;CS2;4.0;0
SESS-11807;2026-08-29 14:15:00;USR-1336;17;Standard;3;0;270;Card;PUBG;4.0;1
SESS-12303;2026-08-14 04:16:00;USR-1258;25;Bootcamp;4;450;600;Card;Dota 2;4.0;0
SESS-10169;2026-08-26 13:19:00;USR-1098;20;VIP;5;0;1000;Card;Dota 2;5.0;0
SESS-12932;2026-08-28 22:43:00;USR-1761;18;PS5;3;0;750;App;CS2;5.0;0
SESS-12191;2026-08-11 16:35:00;USR-1627;22;VIP;2;0;400;App;CS2;3.0;0
SESS-16729;2026-08-08 12:54:00;USR-1130;19;Standard;2;100;180;Card;Dota 2;4.0;1
SESS-11562;2026-08-07 19:43:00;USR-1671;20;Standard;2;400;200;App;Deadlock;5.0;0
SESS-11430;2026-08-29 10:17:00;USR-1249;16;Bootcamp;3;610;450;Card;Deadlock;4.0;0
SESS-12662;2026-08-26 13:44:00;USR-1593;20;PS5;1;0;250;Card;Dota 2;4.0;0
SESS-12818;2026-08-11 20:16:00;USR-1063;27;Bootcamp;1;450;135;Card;CS2;5.0;1
SESS-14386;2026-08-10 09:30:00;USR-1492;16;Bootcamp;3 часа;850;405;App;Valorant;3.0;1
SESS-16510;2026-08-11 16:32:00;USR-1291;23;Bootcamp;2;0;270;App;CS2;2.0;1
SESS-13077;2026-08-08 11:03:00;USR-1122;22;Standard;1;200;90;Card;CS2;4.5;1
SESS-16366;2026-08-20 13:21:00;USR-1656;35;;Standard;4;0;App;Dota 2;4.0;0
SESS-11129;2026-08-07 14:10:00;USR-1618;30;Bootcamp;2;0;300;Card;CS2;4.5;0
SESS-17148;2026-08-10 13:12:00;USR-1224;42;PS5;1;120;250;Cash;GTA V;4.0;0
SESS-12407;2026-08-21 17:41:00;USR-1307;14;Standard;2;0;200;App;Minecraft;1.0;0
SESS-14169;2026-08-27 13:42:00;USR-1039;20;PS5;3;360;750;Card;CS2;4.5;0
SESS-14381;2026-08-22 05:20:00;USR-1395;36;PS5;2;160;450;Cash;Dota 2;4.0;1
SESS-11670;2026-08-25 03:45:00;USR-1755;28;Bootcamp;1;0;150;App;GTA V;4.0;0
SESS-15832;2026-08-13 01:36:00;USR-1028;31;PS5;3;150;750;Card;Dota 2;4.5;0
SESS-14291;2026-08-12 07:26:00;USR-1567;26;VIP;3;0;600;Card;PUBG;4.0;0
SESS-15792;2026-08-30 15:59:00;USR-1414;17;PS5;3;0;750;App;Dota 2;3.0;0
SESS-12107;2026-08-27 23:09:00;USR-1012;34;Standard;1;200;100;Card;Valorant;4.0;0
SESS-14028;2026-08-25 12:17:00;USR-1330;18;PS5;3;0;675;Cash;Cyberpunk 2077;3.0;1
SESS-14652;2026-08-03 16:18:00;USR-1388;23;Standard;4;480;400;Card;Dota 2;3.0;0
SESS-15106;2026-08-28 09:15:00;USR-1696;21;Standard;5;0;500;Card;CS2;;0
SESS-10079;2026-08-31 17:24:00;USR-1723;18;Standard;1;50;90;App;Valorant;3.0;1
SESS-10858;2026-08-14 09:28:00;USR-1178;18;Standard;3;0;300;App;Dota 2;4.0;0
SESS-16615;2026-08-19 00:49:00;USR-1370;14;PS5;2;160;500;Card;Dota 2;4.5;0
SESS-13601;2026-08-23 00:08:00;USR-1078;20;Standard;2;100;200;Card;CS2;1.0;0
SESS-10332;2026-08-26 07:45:00;USR-1559;140;Bootcamp;-2;150;150;Cash;PUBG;4.5;0
SESS-16147;2026-08-30 18:15:00;USR-1423;17;Standard;4;480;400;Card;Minecraft;4.0;0
SESS-10263;2026-08-26 01:26:00;USR-1274;14;PS5;2;240;500;Card;CS2;4.0;0
SESS-16565;2026-08-16 20:32:00;USR-1017;16;VIP;2;0;400;Card;Apex Legends;4.0;0
SESS-10733;2026-08-30 02:57:00;USR-1138;19;Standard;1;0;90;Card;CS2;4.0;1
SESS-11876;2026-08-24 19:15:00;USR-1588;19;VIP;2;650;400;Cash;CS2;4.5;0
SESS-16998;2026-08-21 08:27:00;USR-1756;25;Bootcamp;8;0;1200;App;CS2;4.0;0
SESS-12934;2026-08-31 01:31:00;USR-1014;23;Standard;2;240;200;Card;Minecraft;4.5;0
SESS-15944;2026-08-20 06:14:00;USR-1631;21;Bootcamp;2;0;300;Card;Valorant;4.0;0
SESS-16667;2026-08-03 21:12:00;USR-1749;14;Bootcamp;4;420;600;Card;Browser/Work;5.0;0
SESS-10503;2026-08-20 10:40:00;USR-1441;21;Standard;3;0;300;Card;CS2;3.0;0
SESS-16811;2026-08-26 08:36:00;USR-1326;19;Bootcamp;3;0;450;Card;Dota 2;5.0;0
SESS-16049;2026-08-14 23:00:00;USR-1778;17;Standard;1;0;90;Card;Browser/Work;4.5;1
SESS-15361;2026-08-03 20:30:00;USR-1189;18;Standard;3;0;300;Card;Minecraft;4.5;0
SESS-13869;2026-08-22 16:33:00;USR-1230;17;;Standard;2;400;Card;CS2;4.5;0
SESS-14141;08/20/26;USR-1255;18;Bootcamp;2;0;300;Card;CS2;3.0;0
SESS-14827;2026-08-21 15:08:00;USR-1612;31;Standard;3;360;300;App;Dota 2;4.5;0
SESS-11425;2026-08-23 16:22:00;USR-1528;24;VIP;3;340;540;Cash;Valorant;4.0;1
SESS-16207;2026-08-26 06:47:00;USR-1513;32;Standard;2;240;180;Card;Dota 2;5.0;1
SESS-11400;2026-08-16 00:35:00;USR-1455;31;VIP;2;0;400;Card;CS2;5.0;0
SESS-11188;2026-08-30 10:07:00;USR-1615;22;VIP;1;0;200;App;CS2;4.0;0
SESS-12338;2026-08-06 16:07:00;USR-1791;25;Bootcamp;2;0;300;Card;Dota 2;3.0;0
SESS-15378;2026-08-17 17:49:00;USR-1721;20;Standard;1;120;100;Cash;Apex Legends;3.0;0
SESS-12157;2026-08-04 06:29:00;USR-1049;29;Standard;3;0;300;Card;CS2;3.0;0
SESS-15368;2026-08-30 10:44:00;USR-1657;17;Standard;1;0;90;App;Dota 2;4.5;1
SESS-10544;2026-08-10 04:22:00;USR-1735;14;Bootcamp;2;0;300;Card;CS2;4.0;0
SESS-10748;2026-08-29 08:09:00;USR-1576;36;Standard;1;0;100;Card;Minecraft;5.0;0
SESS-13405;2026-08-28 23:49:00;USR-1455;31;Bootcamp;2;0;300;Card;Minecraft;4.5;0
SESS-12465;2026-08-08 10:03:00;USR-1159;24;VIP;12;1540;2400;Card;Deadlock;1.0;0
SESS-12647;2026-08-28 19:39:00;USR-1530;21;Standard;3;360;300;Card;CS2;4.5;0
SESS-10468;2026-08-30 11:36:00;USR-1612;31;Bootcamp;4;300;600;Card;Dota 2;4.0;0
SESS-16317;2026-08-16 06:03:00;USR-1418;16;Standard;1;80;100;Card;Valorant;5.0;0
SESS-11315;2026-08-05 11:29:00;USR-1330;18;Standard;3;240;300;App;Dota 2;4.5;0
SESS-11446;2026-08-26 00:01:00;USR-1568;21;Standard;12;1440;1200;Card;Dota 2;5.0;0
SESS-10465;2026-08-11 18:57:00;USR-1694;18;VIP;3 ч.;0;600;Card;Dota 2;4.5;0
SESS-14012;2026-08-21 19:38:00;USR-1390;140;Standard;-2;100;180;Cash;Valorant;4.0;1
SESS-16755;2026-08-08 14:54:00;USR-1657;17;VIP;1;0;200;Card;CS2;5.0;0
SESS-10997;2026-08-17 00:52:00;USR-1791;25;Standard;1;50;90;App;Deadlock;4.0;1
SESS-11561;2026-08-29 20:32:00;USR-1209;24; standard ;8;0;1600;Card;Valorant;5.0;0
SESS-15476;2026-08-22 12:33:00;USR-1678;14;VIP;2;0;400;Card;CS2;2.0;0
SESS-10319;2026-08-06 08:12:00;USR-1684;29;Standard;2;0;200;;CS2;4.0;0
SESS-12114;2026-08-08 05:23:00;USR-1124;23;PS5;3 часа;0;750;App;Dota 2;1.0;0
SESS-12034;2026-08-07 12:00:00;USR-1559;18;VIP;2;0;360;App;CS2;5.0;1
SESS-14257;2026-08-06 09:19:00;USR-1659;30;Standard;8;0;800;Card;CS2;3.0;0
SESS-10586;2026-08-30 17:45:00;USR-1186;21;Bootcamp;2;490;300;Card;CS2;4.5;0
SESS-13944;2026-08-01 18:15:00;USR-1106;15;Bootcamp;2;650;270;Cash;CS2;3.0;1
SESS-11941;2026-08-14 11:03:00;USR-1713;25;Standard;1;0;100;Card;Cyberpunk 2077;4.5;0
SESS-14331;2026-08-15 11:35:00;USR-1695;37;Bootcamp;5;0;675;;Dota 2;4.5;1
SESS-14301;2026-08-08 05:25:00;USR-1216;20;Standard;2;0;200;Card;CS2;4.5;0
SESS-16417;2026-08-07 17:02:00;USR-1213;16;Standard;2;0;200;Card;Minecraft;4.0;0
SESS-14163;2026-08-11 15:42:00;USR-1688;16;Standard;2;0;200;Card;PUBG;4.5;0
SESS-16377;2026-08-09 13:42:00;USR-1637;27;VIP;2;650;400;Card;Deadlock;3.0;0
SESS-16323;2026-08-13 07:02:00;USR-1108;33;PS5;3;0;750;Card;CS2;5.0;0
SESS-13346;2026-08-19 21:45:00;USR-1584;14;VIP;4;300;720;Card;GTA V;4.5;1
SESS-15856;2026-08-18 18:28:00;USR-1480;16;VIP;1;300;200;App;Dota 2;4.5;0
SESS-17306;2026-08-19 02:47:00;USR-1645;15;Standard;4;200;400;Card;CS2;5.0;0
SESS-16797;2026-08-09 10:37:00;USR-1290;31;PS5;2;0;450;Card;Minecraft;4.5;1
SESS-10960;2026-08-26 19:56:00;USR-1637;27;Bootcamp;2;0;300;Card;Dota 2;4.0;0
SESS-13945;2026-08-24 23:03:00;USR-1114;23;VIP;1;0;200;App;CS2;5.0;0
SESS-11864;2026-08-03 00:19:00;USR-1046;20;Standard;5;250;500;App;Dota 2;3.0;0
SESS-11652;2026-08-01 06:55:00;USR-1692;27;VIP;1;0;200;Card;Deadlock;4.5;0
SESS-14896;2026-08-26 16:11:00;USR-1282;28;VIP;1;0;200;;Cyberpunk 2077;3.0;0
SESS-14391;2026-08-03 16:20:00;USR-1186;21;Standard;1;0;100;Card;PUBG;4.0;0
SESS-15035;2026-08-22 13:00:00;USR-1765;37;Standard;2;0;200;Card;Apex Legends;1.0;0
SESS-13125;2026-08-18 17:28:00;USR-1652;27;VIP;4;0;800;Card;Valorant;4.0;0
SESS-12758;2026-08-08 23:11:00;USR-1104;26;Standard;3;0;300;Card;CS2;4.0;0
SESS-10177;2026-08-06 14:57:00;USR-1492;16;VIP;2;410;360;Card;CS2;4.0;1
SESS-16115;2026-08-02 10:43:00;USR-1018;26;Standard;3;0;300;Card;Minecraft;4.5;0
SESS-11172;2026-08-19 07:13:00;USR-1132;17;Standard;3;150;300;Card;Deadlock;3.0;0
SESS-11978;2026-08-23 15:50:00;USR-1607;17;VIP;1;180;200;Card;Valorant;5.0;0
SESS-17264;2026-08-19 13:13:00;USR-1001;16;Standard;3;0;300;Card;PUBG;5.0;0
SESS-16637;2026-08-24 15:34:00;USR-1030;18;Standard;3;240;300;Card;Dota 2;4.0;0
SESS-11575;2026-08-17 08:27:00;USR-1070;22;PS5;4;0;1000;Card;Dota 2;4.0;0
SESS-16033;2026-08-19 13:01:00;USR-1615;22;Bootcamp;3;0;450;App;Valorant;3.0;0
SESS-14379;2026-08-19 12:07:00;USR-1490;19;VIP;2;0;400;Card;Valorant;5.0;0
SESS-14378;2026-08-07 02:55:00;USR-1198;20;PS5;3;0;675;Card;Apex Legends;4.5;1
SESS-17052;2026-08-12 16:13:00;USR-1188;26;PS5;3;0;750;Card;Valorant;5.0;0
SESS-12759;2026-08-28 09:31:00;USR-1361;20;Bootcamp;1;300;150;Card;Dota 2;2.0;0
SESS-15045;2026-08-05 19:41:00;USR-1370;14;Standard;1;0;9О;Card;Dota 2;5.0;1
SESS-11244;2026-08-08 23:19:00;USR-1206;15;Standard;3;0;270;Cash;CS2;4.0;1
SESS-11859;2026-08-09 23:04:00;USR-1495;16;VIP;8;0;1600;Card;Dota 2;1.0;0
SESS-12663;2026-08-08 14:58:00;USR-1482;15;Bootcamp;1;0;150;Card;Deadlock;5.0;0
SESS-12778;2026-08-02 14:27:00;USR-1562;24;Standard;1;0;90;Card;Dota 2;5.0;1
SESS-14963;2026-08-24 05:42:00;USR-1207;17;Bootcamp;2;490;300;Cash;Minecraft;5.0;0
SESS-11731;2026-08-22 00:40:00;USR-1541;24;Standard;1;120;100;Card;Apex Legends;4.0;0
SESS-11536;2026-08-05 22:04:00;USR-1468;32;Standard;8;400;800;Card;Valorant;4.0;0
SESS-13163;2026-08-07 09:39:00;USR-1382;3;Standard;-2;50;100;Card;CS2;5.0;0
SESS-11373;2026-08-17 21:28:00;USR-1325;22;Standard;2;0;200;App;Dota 2;4.0;0
SESS-10349;2026-08-14 07:11:00;USR-1238;30;VIP;3;0;540;Card;Apex Legends;4.0;1
SESS-16289;2026-08-02 10:19:00;USR-1566;14;PS5;5;0;1250;Cash;Dota 2;4.5;0
SESS-15527;2026-08-02 06:02:00;USR-1718;29;PS5;2;100;500;Card;Minecraft;5.0;0
SESS-11385;2026-08-11 05:13:00;USR-1189;18;Standard;3;150;300;Card;CS2;3.0;0
SESS-16408;2026-08-10 15:28:00;USR-1056;20;Standard;2;0;200;Card;CS2;5.0;0
SESS-16223;2026-08-21 19:57:00;USR-1457;36;Standard;4;0;400;App;CS2;3.0;0
SESS-14674;2026-08-15 16:25:00;USR-1657;17;Bootcamp;12;0;1620;App;Dota 2;;1
SESS-17019;2026-08-30 10:03:00;USR-1414;17;Standard;1;120;100;Card;Dota 2;4.0;0
SESS-10828;2026-08-10 20:27:00;USR-1751;14;Standard;2;0;200;Card;Dota 2;4.0;0
SESS-15606;2026-08-25 05:45:00;USR-1746;17;PS5;1;0;250;Card;CS2;3.0;0
SESS-17023;2026-08-08 03:05:00;USR-1640;21;Bootcamp;2;0;300;Card;CS2;4.5;0
SESS-15395;2026-08-25 04:19:00;USR-1252;24;VIP;1;370;200;App;CS2;5.0;0
SESS-10786;2026-08-13 10:24:00;USR-1444;19;PS5;1;0;250;Card;Valorant;4.0;0
SESS-15706;2026-08-15 04:25:00;USR-1136;29;Standard;12;0;1200;Card;Minecraft;2.0;0
SESS-13960;2026-08-13 20:29:00;USR-1116;35;Standard;2;0;180;Cash;Valorant;4.5;1
SESS-15992;2026-08-20 12:37:00;USR-1576;36;VIP;1;0;180;App;Apex Legends;4.5;1
SESS-14594;2026-08-03 15:50:00;USR-1471;21;Bootcamp;4;0;600;App;Browser/Work;3.0;0
SESS-13263;2026-08-10 02:20:00;USR-1500;26;Bootcamp;12;2650;1800;Card;CS2;3.0;0
SESS-16912;2026-08-25 02:41:00;USR-1080;29;Standard;2;0;200;Card;CS2;4.0;0
SESS-12164;2026-08-11 22:01:00;USR-1043;22;Standard;2;0;180;;Dota 2;4.0;1
SESS-13017;2026-08-14 01:36:00;USR-1355;15;VIP;3;0;600;Card;Cyberpunk 2077;3.0;0
SESS-14075;2026-08-27 18:43:00;USR-1405;23;Bootcamp;1;150;150;Card;Dota 2;5.0;0
SESS-14377;2026-08-22 21:53:00;USR-1725;21;Standard;2;160;180;App;CS2;4.5;1
SESS-10041;2026-08-18 08:06:00;USR-1246;25;Standard;3;0;300;App;Dota 2;3.0;0
SESS-11919;2026-08-05 13:05:00;USR-1184;23;Standard;2;0;200;Card;Dota 2;4.0;0
SESS-13806;2026-08-12 08:06:00;USR-1324;14;VIP;3;250;540;App;CS2;5.0;1
SESS-14058;2026-08-09 13:23:00;USR-1646;19;Standard;2;400;200;Card;Dota 2;4.5;0
SESS-12881;2026-08-12 15:18:00;USR-1755;28;ps5;3;240;270;Card;Dota 2;4.0;1
SESS-14956;2026-08-12 10:46:00;USR-1407;19;PS5;3;0;750;Card;Minecraft;4.0;0
SESS-16105;2026-08-02 04:26:00;USR-1519;140;VIP;-2;0;600;App;Apex Legends;4.0;0
SESS-10217;2026-08-09 21:08:00;USR-1738;37;Standard;2;100;200;App;CS2;4.0;0
SESS-10185;2026-08-15 21:43:00;USR-1408;28;VIP;5;0;1000;Card;CS2;4.5;0
SESS-15629;2026-08-10 11:36:00;USR-1544;19;Bootcamp;1;0;150;App;Deadlock;3.0;0
SESS-12855;2026-08-31 09:53:00;USR-1170;14;Standard;1;80;100;Card;Valorant;4.0;0
SESS-10601;2026-08-14 07:06:00;USR-1063;27;VIP;3;460;600;Card;Valorant;4.5;0
SESS-15204;2026-08-31 10:02:00;USR-1599;25;VIP;1;0;200;Card;CS2;5.0;0
SESS-14615;2026-08-27 03:28:00;USR-1794;26;Bootcamp;2;340;300;Card;Valorant;2.0;0
SESS-11328;2026-08-04 00:33:00;USR-1777;23;Standard;1;80;100;Card;Valorant;4.0;0
SESS-11758;2026-08-06 23:11:00;USR-1703;20;VIP;8;0;1600;Card;CS2;5.0;0
SESS-12673;2026-08-10 21:35:00;USR-1219;20;Standard;2;0;200;Card;Dota 2;;0
SESS-10087;2026-08-28 08:40:00;USR-1170;14;Standard;2;400;180;App;Minecraft;1.0;1
SESS-16692;2026-08-24 10:07:00;USR-1624;18;;VIP;2;410;Card;Browser/Work;3.0;1
SESS-14993;2026-08-22 14:26:00;USR-1612;31;VIP;2;0;400;Card;Valorant;5.0;0
SESS-14731;2026-08-14 04:56:00;USR-1073;15;Standard;3;360;300;Card;Dota 2;4.5;0
SESS-17211;08/01/26;USR-1772;25;Standard;4;0;360;App;Cyberpunk 2077;3.0;1
SESS-15455;2026-08-11 10:15:00;USR-1551;15;VIP;12;2500;2400;Card;Dota 2;3.0;0
SESS-11047;2026-08-16 19:00:00;USR-1756;25;VIP;4;0;800;Cash;GTA V;1.0;0
SESS-16092;2026-08-29 02:31:00;USR-1315;17;Standard;8;640;800;Card;Dota 2;;0
;2026-08-29 15:24:00;;23;Bootcamp;2;0;300;Card;Dota 2;5.0;0
SESS-16077;2026-08-21 02:36:00;USR-1001;16;Standard;4;0;400;Card;Minecraft;3.0;0
SESS-12304;2026-08-13 00:06:00;USR-1794;26;Standard;1;200;100;Card;Minecraft;5.0;0
SESS-16680;2026-08-02 13:46:00;USR-1428;16;VIP;5;1100;1000;Card;Dota 2;4.0;0
SESS-13244;2026-08-09 06:35:00;USR-1193;19;Standard;1;0;100;Card;Dota 2;4.0;0
SESS-11483;2026-08-14 01:43:00;USR-1297;29;PS5;2;0;450;Cash;CS2;4.0;1
SESS-11566;2026-08-20 16:25:00;USR-1207;17;VIP;1;330;200;Card;Dota 2;4.0;0
SESS-13378;2026-08-12 08:19:00;USR-1122;22;VIP;2;0;400;Card;Dota 2;;0
SESS-13862;2026-08-04 04:47:00;USR-1058;15;VIP;2;0;400;App;CS2;3.0;0
SESS-11074;2026-08-12 15:54:00;USR-1319;19;Standard;1;0;100;Card;Valorant;4.0;0
SESS-10970;2026-08-11 08:38:00;USR-1136;29;VIP;3;0;600;App;CS2;4.5;0
SESS-13458;2026-08-28 03:21:00;USR-1694;18;Standard;2;0;200;Card;PUBG;4.0;0
SESS-10694;2026-08-25 02:04:00;USR-1621;23;Standard;2;0;180;Card;Dota 2;5.0;1
SESS-10743;2026-08-13 03:10:00;USR-1025;15;Standard;1;50;90;App;CS2;2.0;1
;2026-08-19 22:17:00;;20;Bootcamp;5;0;750;Card;Dota 2;5.0;0
SESS-13554;2026-08-01 03:55:00;USR-1019;22;VIP;1;0;200;Card;Deadlock;5.0;0
SESS-13098;2026-08-26 14:18:00;USR-1463;20;PS5;5;600;1250;Card;Valorant;5.0;0
SESS-10233;2026-08-29 14:04:00;USR-1221;22;Standard;3;0;300;Card;Dota 2;5.0;0
SESS-10683;2026-08-24 22:18:00;USR-1002;22;VIP;1;0;200;App;Dota 2;4.0;0
SESS-10742;2026-08-06 13:45:00;USR-1563;41;Standard;1;120;100;;Dota 2;4.0;0
SESS-10800;2026-08-10 11:52:00;USR-1300;21;VIP;5;700;900;Card;Minecraft;4.0;1
SESS-11163;2026-08-04 15:17:00;USR-1487;16;VIP ;2;0;200;Card;Deadlock;4.0;0
SESS-17276;2026-08-25 07:45:00;USR-1693;31;Standard;1;50;100;Card;CS2;4.0;0
SESS-17047;2026-08-06 00:50:00;USR-1604;18;Bootcamp;1;300;150;Cash;CS2;5.0;0
SESS-15579;2026-08-20 22:49:00;USR-1172;23;Standard;4;0;400;Card;GTA V;3.0;0
SESS-14773;2026-08-17 08:52:00;USR-1399;23;Bootcamp;1;0;150;Card;Minecraft;4.5;0
SESS-12405;2026-08-30 01:31:00;USR-1556;18;Bootcamp;3;0;450;Card;CS2;4.0;0
SESS-13434;2026-08-27 09:18:00;USR-1413;15;Standard;5;0;500;Card;CS2;4.0;0
SESS-13169;2026-08-11 04:42:00;USR-1773;19;Standard;1;0;100;;Dota 2;4.0;0
SESS-11009;2026-08-09 17:11:00;USR-1675;22;PS5;3;0;750;Cash;CS2;4.0;0
SESS-16274;2026-08-06 06:11:00;USR-1634;28;Standard;2;0;200;Card;Deadlock;3.0;0
SESS-17154;2026-08-16 07:02:00;USR-1661;34;Bootcamp;2;0;300;Card;Valorant;4.5;0
SESS-10381;2026-08-05 21:54:00;USR-1092;17;VIP;4;0;800;App;Deadlock;5.0;0
SESS-14794;2026-08-07 02:32:00;USR-1053;24;Standard;1;0;100;Card;Dota 2;5.0;0
SESS-11872;2026-08-22 11:06:00;USR-1007;17;Standard;2;100;200;App;CS2;4.0;0
SESS-10069;2026-08-11 16:25:00;USR-1038;26;VIP;2;350;360;Cash;Dota 2;4.0;1
SESS-13058;2026-08-09 22:24:00;USR-1222;17;Standard;3;360;270;Cash;Minecraft;5.0;1
SESS-16652;2026-08-18 22:50:00;USR-1183;3;Bootcamp;999;0;150;App;Valorant;4.0;0
SESS-12609;2026-08-22 22:02:00;USR-1346;15;Bootcamp;2;0;300;App;Dota 2;4.0;0
SESS-10676;2026-08-08 07:39:00;USR-1517;24;PS5;2;0;500;Card;Dota 2;3.0;0
SESS-14707;2026-08-19 23:17:00;USR-1439;16;Bootcamp;3;0;450;Card;CS2;4.0;0
SESS-13406;2026-08-12 00:22:00;USR-1761;18;VIP;1;180;180;Card;Apex Legends;4.0;1
SESS-11803;2026-08-30 18:36:00;USR-1435;18;Bootcamp;3;0;450;App;Apex Legends;4.0;0
SESS-13946;2026-08-23 09:04:00;USR-1109;22;Standard;8;960;720;Cash;Valorant;5.0;1
SESS-14034;2026-08-02 12:26:00;USR-1498;24;VIP;1 часа;0;180;App;CS2;5.0;1
SESS-15015;2026-08-06 08:17:00;USR-1395;36;Standard;3;150;300;Card;CS2;4.5;0
SESS-13658;2026-08-02 12:47:00;USR-1466;31;Standard;2;0;200;Card;Dota 2;4.0;0
SESS-10518;2026-08-13 05:41:00;USR-1486;23;VIP;2;0;400;App;CS2;3.0;0
SESS-12181;2026-08-10 06:44:00;USR-1233;31;VIP;1;0;180;Card;CS2;4.0;1
SESS-13006;2026-08-08 02:52:00;USR-1240;21;VIP;1;0;200;Card;Dota 2;5.0;0
SESS-15474;2026-08-31 16:55:00;USR-1558;14;Standard;4;0;400;Cash;CS2;5.0;0
SESS-13515;2026-08-13 03:54:00;USR-1182;16;VIP;4;900;800;Card;Valorant;3.0;0
SESS-15956;2026-08-16 18:14:00;USR-1560;14;VIP;2;0;360;Card;Valorant;5.0;1
SESS-10706;2026-08-08 06:36:00;USR-1124;23;Standard;2;0;200;Card;Minecraft;4.5;0
SESS-12864;2026-08-07 03:15:00;USR-1411;16;Standard;3;0;300;App;Dota 2;4.0;0
SESS-14586;19.08.2026;USR-1102;28;Standard;2;0;180;Card;PUBG;4.5;1
SESS-13799;2026-08-25 15:51:00;USR-1161;19;VIP;3;0;600;App;Dota 2;3.0;0
SESS-11600;2026-08-25 00:56:00;USR-1398;16;PS5;3;0;675;App;Deadlock;4.0;1
SESS-13947;2026-08-07 13:07:00;USR-1271;18;PS5;2;400;500;App;Dota 2;5.0;0
SESS-13661;2026-08-22 15:52:00;USR-1312;25;VIP;4;0;800;Card;CS2;5.0;0
SESS-13142;2026-08-03 08:49:00;USR-1413;15;Standard;2;0;200;Card;PUBG;1.0;0
SESS-11197;2026-08-27 16:07:00;USR-1719;23;Bootcamp;3;0;450;Card;Valorant;2.0;0
SESS-12582;2026-08-10 12:28:00;USR-1314;21;Standard;3;0;300;Card;Dota 2;1.0;0
SESS-10019;2026-08-19 05:39:00;USR-1730;25;Standard;12;0;1080;Card;Dota 2;4.5;1
SESS-13288;2026-08-14 15:19:00;USR-1014;23;VIP;12;1060;2400;Card;CS2;5.0;0
SESS-12821;2026-08-16 12:26:00;USR-1753;22;;Standard;1;80;Card;CS2;4.0;0
SESS-16540;2026-08-01 00:11:00;USR-1177;22;;Standard;1;120;Card;CS2;4.0;0
SESS-10509;2026-08-29 02:40:00;USR-1469;24;VIP;2;0;400;App;CS2;4.5;0
SESS-14575;2026-08-17 15:09:00;USR-1107;16;Standard;2;0;200;Card;PUBG;4.0;0
;2026-08-29 07:58:00;;17;PS5;12;0;2700;App;Browser/Work;3.0;1
SESS-10239;2026-08-17 06:31:00;USR-1231;27;Standard;3;240;300;Card;Dota 2;3.0;0
SESS-17260;2026-08-04 11:01:00;USR-1380;28;VIP;3;700;600;Card;Deadlock;1.0;0
SESS-13671;2026-08-09 17:33:00;USR-1495;16;Standard;3 ч.;600;300;App;Minecraft;1.0;0
SESS-14740;2026-08-18 04:32:00;USR-1006;35;Standard;3;0;300;Card;Cyberpunk 2077;4.0;0
SESS-13360;2026-08-07 06:21:00;USR-1107;16;Standard;2;240;180;Cash;Valorant;4.0;1
SESS-12471;2026-08-06 22:56:00;USR-1752;24;Standard;3;0;270;App;CS2;2.0;1
SESS-11965;2026-08-21 21:31:00;USR-1103;20;Standard;12;1440;1200;Card;Apex Legends;4.0;0
SESS-15798;2026-08-17 12:47:00;USR-1290;31;Standard;2;0;200;App;GTA V;2.0;0
SESS-16726;2026-08-30 04:47:00;USR-1761;18; standard ;2;260;300;App;CS2;5.0;0
SESS-11025;2026-08-02 15:21:00;USR-1387;25;PS5;1;200;225;Card;CS2;5.0;1
SESS-10308;2026-08-29 04:54:00;USR-1494;15;Bootcamp;2;0;270;Card;Deadlock;3.0;1
SESS-16834;2026-08-03 01:08:00;USR-1255;18;Bootcamp;4;0;600;Card;CS2;4.0;0
SESS-14698;2026-08-04 12:47:00;USR-1098;20;Standard;3;240;270;Card;Dota 2;5.0;1
SESS-12226;2026-08-11 20:43:00;USR-1032;16;PS5;1;200;250;App;Dota 2;5.0;0
SESS-16292;2026-08-20 02:24:00;USR-1235;25;Bootcamp;8;890;1200;Card;CS2;4.0;0
SESS-11730;2026-08-25 15:10:00;USR-1449;17;VIP;2;0;360;App;Minecraft;1.0;1
SESS-14393;2026-08-29 07:01:00;USR-1332;17;VIP;2;410;400;Card;Dota 2;5.0;0
SESS-10496;2026-08-29 08:31:00;USR-1655;21;Standard;2;400;200;App;Valorant;4.5;0
SESS-11034;2026-08-09 02:59:00;USR-1473;17;VIP;1;0;200;Card;CS2;4.5;0
SESS-13070;2026-08-26 22:01:00;USR-1792;36;Standard;8;0;800;Card;CS2;1.0;0
SESS-14678;2026-08-26 07:32:00;USR-1694;18;VIP;4;300;800;Card;Browser/Work;5.0;0
SESS-11174;2026-08-23 13:00:00;USR-1435;18;Standard;2;0;200;Card;Dota 2;5.0;0
SESS-14503;2026-08-16 07:21:00;USR-1672;3;Bootcamp;999;0;450;Card;Valorant;3.0;0
SESS-12685;2026-08-09 06:21:00;USR-1154;22;Standard;2;0;200;Cash;Dota 2;4.5;0
SESS-15138;2026-08-27 20:07:00;USR-1711;21;Standard;12;1440;1200;App;CS2;5.0;0
SESS-12628;2026-08-26 21:43:00;USR-1255;18;Standard;4;0;360;Cash;CS2;2.0;1
SESS-14525;2026-08-17 10:51:00;USR-1776;16;Bootcamp;2;0;300;App;CS2;4.0;0
SESS-11465;2026-08-31 21:03:00;USR-1175;25;VIP;2;410;400;Card;Dota 2;4.5;0
SESS-12083;2026-08-08 10:20:00;USR-1398;16;VIP;4;0;800;Card;Minecraft;4.0;0
SESS-15572;2026-08-11 10:41:00;USR-1554;20;VIP;3;250;600;Card;Dota 2;2.0;0
SESS-16772;2026-08-08 23:31:00;USR-1050;27;Bootcamp;2;410;300;Card;CS2;4.0;0
SESS-12441;08/21/26;USR-1202;27;Standard;5;0;500;Card;Dota 2;4.5;0
SESS-11850;2026-08-05 15:24:00;USR-1662;25;VIP;2;490;360;App;Dota 2;2.0;1
SESS-10763;2026-08-11 05:57:00;USR-1448;34;Standard;1;0;90;App;CS2;5.0;1
SESS-11375;2026-08-06 05:29:00;USR-1535;17;Standard;5;0;500;Card;Dota 2;5.0;0
SESS-12585;2026-08-17 06:57:00;USR-1669;22;Standard;1;120;100;Card;CS2;4.5;0
SESS-15272;2026-08-16 18:55:00;USR-1211;26;;VIP;2;500;Card;CS2;5.0;0
SESS-17123;2026-08-19 05:47:00;USR-1716;24;VIP;2;0;400;Card;Cyberpunk 2077;4.0;0
SESS-11721;2026-08-17 01:14:00;USR-1523;22;VIP;2;200;400;Cash;CS2;5.0;0
SESS-16521;2026-08-18 17:16:00;USR-1393;35;Bootcamp;2;340;300;App;Dota 2;5.0;0
SESS-13795;2026-08-19 10:17:00;USR-1274;14;Standard;2;0;200;App;PUBG;4.0;0
SESS-17254;2026-08-24 14:55:00;USR-1678;14;Standard;3;600;300;Card;GTA V;4.0;0
SESS-17249;2026-08-16 22:58:00;USR-1538;16;Standard;3;360;300;Cash;Deadlock;5.0;0
;2026-08-15 05:11:00;;14;Standard;1;0;90;Card;Dota 2;4.5;1
SESS-15212;2026-08-20 13:06:00;USR-1721;20;Standard;4;320;360;Cash;Valorant;4.5;1
SESS-12423;2026-08-14 21:34:00;USR-1272;14;Standard;2;0;200;Cash;Apex Legends;5.0;0
SESS-12706;2026-08-07 10:12:00;USR-1774;19;Standard;12;1440;1200;App;Dota 2;4.5;0
SESS-10222;2026-08-01 07:53:00;USR-1763;33;PS5;12;2400;2700;Card;GTA V;4.5;1
SESS-12462;2026-08-17 15:40:00;USR-1006;35;VIP;2;0;400;Card;Apex Legends;5.0;0
SESS-16041;2026-08-27 01:45:00;USR-1299;21;Standard;3;360;270;Card;CS2;4.5;1
SESS-12795;2026-08-29 08:01:00;USR-1180;17;Standard;2;0;200;App;CS2;4.5;0
SESS-16940;2026-08-30 11:52:00;USR-1544;19;PS5;1;0;250;Card;CS2;4.0;0
SESS-15785;2026-08-13 16:08:00;USR-1271;18;PS5;2;0;500;Card;Dota 2;4.5;0
SESS-14772;2026-08-12 12:23:00;USR-1009;20;Bootcamp;1;0;150;Card;Dota 2;4.0;0
SESS-14866;2026-08-20 00:40:00;USR-1466;31;Standard;1;0;100;App;Minecraft;4.0;0
SESS-11862;2026-08-26 21:20:00;USR-1696;21;PS5;3;0;750;App;CS2;4.5;0
SESS-17124;2026-08-25 05:49:00;USR-1154;22;Standard;3;360;300;Card;Deadlock;4.0;0
SESS-17241;2026-08-21 17:02:00;USR-1490;19;Standard;3;240;300;App;Valorant;4.5;0
SESS-13997;2026-08-29 14:22:00;USR-1330;18; standard ;4;0;400;App;Dota 2;4.0;0
SESS-13000;2026-08-11 09:08:00;USR-1744;33;PS5;2;160;500;Card;Dota 2;5.0;0
SESS-11075;2026-08-11 20:01:00;USR-1446;24;Standard;2;0;180;App;CS2;1.0;1
SESS-17265;2026-08-14 13:25:00;USR-1497;14;Bootcamp;1;0;150;Card;Dota 2;3.0;0
SESS-11487;2026-08-05 16:19:00;USR-1052;15;Standard;1;0;90;Card;CS2;4.5;1
SESS-16953;2026-08-08 04:56:00;USR-1110;17;Bootcamp;2;0;300;Card;Dota 2;5.0;0
SESS-17207;2026-08-17 10:05:00;USR-1148;21;PS5;8;0;2000;App;Dota 2;3.0;0
SESS-14564;2026-08-10 18:20:00;USR-1790;23;PS5;2;0;500;Card;Valorant;4.0;0
SESS-13984;2026-08-31 17:52:00;USR-1630;21;Standard;4;200;400;Card;Dota 2;5.0;0
SESS-15354;2026-08-16 13:01:00;USR-1641;34;Standard;2;240;180;Card;Dota 2;4.5;1
SESS-10908;2026-08-25 09:54:00;USR-1627;22;VIP;8;0;1440;Card;Deadlock;4.0;1
SESS-16638;2026-08-30 09:11:00;USR-1507;22;Standard;2;100;200;Card;CS2;4.0;0
SESS-14184;2026-08-23 13:31:00;USR-1211;26;VIP;5;700;1000;Cash;Valorant;1.0;0
SESS-11374;2026-08-01 01:10:00;USR-1240;21;Standard;3;600;300;Card;CS2;4.0;0
SESS-11488;2026-08-28 02:51:00;USR-1531;22;Standard;8;960;800;Card;PUBG;4.5;0
SESS-15865;2026-08-28 23:47:00;USR-1104;26;PS5;8;0;2000;Cash;Dota 2;4.0;0
SESS-11535;2026-08-09 15:38:00;USR-1061;16;Standard;1;80;100;App;Valorant;2.0;0
SESS-12302;2026-08-26 01:46:00;USR-1574;20;Standard;4;800;400;Card;Dota 2;1.0;0
SESS-16735;2026-08-30 12:44:00;USR-1437;15;Bootcamp;1;0;135;Card;CS2;4.5;1
SESS-12087;2026-08-12 08:42:00;USR-1006;35;Bootcamp;3;0;450;Card;Valorant;1.0;0
SESS-14428;2026-08-22 02:59:00;USR-1125;30;Standard;4;0;400;App;Dota 2;2.0;0
SESS-13955;2026-08-31 07:58:00;USR-1653;31;Bootcamp;1;330;135;App;Dota 2;4.0;1
SESS-16346;2026-08-03 15:02:00;USR-1180;17;Standard;3;0;270;Card;CS2;4.5;1
SESS-12287;2026-08-18 10:24:00;USR-1560;14;Bootcamp;2;0;270;App;GTA V;2.0;1
SESS-13289;2026-08-19 01:47:00;USR-1524;29;VIP;8;0;1600;Card;Dota 2;3.0;0
SESS-11467;2026-08-19 22:53:00;USR-1108;33;PS5;3;600;675;Cash;Valorant;4.0;1
SESS-16458;2026-08-13 21:45:00;USR-1614;15;Standard;2;0;180;Card;CS2;4.5;1
SESS-16505;2026-08-05 09:33:00;USR-1499;22;Bootcamp;2;650;300 руб.;Cash;Valorant;3.0;0
SESS-16362;2026-08-27 04:49:00;USR-1460;28;VIP;1;300;200;App;Dota 2;3.0;0
SESS-16522;2026-08-07 16:54:00;USR-1164;14;Standard;8;0;800;App;Dota 2;4.5;0
SESS-17279;2026-08-05 18:11:00;USR-1142;16;VIP;1;0;200;App;CS2;4.5;0
SESS-16469;2026-08-01 06:47:00;USR-1265;14;VIP;8;890;1600;App;Valorant;3.0;0
SESS-13418;2026-08-27 07:08:00;USR-1054;21;Standard;2;0;200;Card;Valorant;4.0;0
SESS-13949;2026-08-12 09:06:00;USR-1232;18;PS5;1;0;250;Card;Dota 2;2.0;0
SESS-11402;2026-08-24 00:23:00;USR-1283;33;Standard;4;200;360;Card;Valorant;3.0;1
SESS-12748;2026-08-22 19:12:00;USR-1387;25;PS5;2;0;500;Card;Minecraft;3.0;0
SESS-10050;2026-08-22 15:16:00;USR-1604;18;Bootcamp;2;0;300;Cash;Minecraft;4.5;0
SESS-15169;2026-08-15 14:22:00;USR-1784;14;Standard;3;600;270;App;CS2;5.0;1
SESS-10245;2026-08-20 23:57:00;USR-1727;25;VIP;2;340;400;App;Dota 2;5.0;0
SESS-16857;2026-08-02 23:04:00;USR-1433;22;Standard;1;0;100;App;CS2;3.0;0
SESS-11926;2026-08-19 21:39:00;USR-1023;22;Standard;3;240;300;App;CS2;5.0;0
SESS-11702;2026-08-30 22:47:00;USR-1360;15;VIP;12;1210;2400;Card;Dota 2;2.0;0
SESS-17128;2026-08-09 03:53:00;USR-1467;15;Standard;4;800;400;Cash;Valorant;4.0;0
SESS-15669;2026-08-06 05:22:00;USR-1383;18;Standard;2;100;200;Card;Dota 2;2.0;0
SESS-15507;2026-08-05 17:29:00;USR-1156;45;Bootcamp;3;0;450;Card;CS2;1.0;0
SESS-13254;2026-08-23 12:48:00;USR-1277;15;VIP;3;0;600;Card;Valorant;3.0;0
SESS-14816;2026-08-26 17:58:00;USR-1543;24;Standard;1;200;100;Card;CS2;5.0;0
SESS-17173;2026-08-26 11:15:00;USR-1533;26;PS5;1;0;250;Card;Apex Legends;3.0;0
SESS-14989;2026-08-16 12:21:00;USR-1135;36;VIP;4;580;800;Card;Apex Legends;4.5;0
SESS-16387;2026-08-31 22:35:00;USR-1253;20;Standard;2;100;200;Card;Dota 2;3.0;0
SESS-11436;2026-08-08 08:34:00;USR-1581;18;Bootcamp;2;200;270;App;CS2;2.0;1
SESS-11706;2026-08-27 22:28:00;USR-1157;25;Standard;1;200;100;Card;Valorant;4.5;0
SESS-10321;2026-08-09 02:10:00;USR-1705;20;Standard;2;400;180;Card;Minecraft;3.0;1
SESS-11419;2026-08-09 05:35:00;USR-1588;19;Bootcamp;1;180;150;Card;Dota 2;5.0;0
SESS-12718;2026-08-01 09:01:00;USR-1671;20;VIP;2;0;400;Cash;CS2;4.5;0
SESS-10308;2026-08-29 04:54:00;USR-1494;15;Bootcamp;2;0;270;Card;Deadlock;3.0;1
SESS-14017;2026-08-05 16:08:00;USR-1608;25;Standard;2;0;180;Card;Dota 2;4.5;1
SESS-17320;2026-08-04 05:16:00;USR-1615;22;Standard;3;0;300;Card;Minecraft;4.5;0
SESS-17296;2026-08-01 08:27:00;USR-1225;26;VIP;2;0;400;App;Dota 2;4.5;0
SESS-17252;2026-08-22 15:13:00;USR-1326;19;Standard;2;0;200;App;Dota 2;4.0;0
SESS-12957;2026-08-13 00:28:00;USR-1287;19;Standard;1;0;100;Card;Dota 2;;0
SESS-11565;2026-08-14 15:41:00;USR-1260;21;Standard;3;360;300;Card;PUBG;5.0;0
SESS-11741;2026-08-11 08:26:00;USR-1163;14;Bootcamp;3;0;405;Card;Valorant;5.0;1
SESS-12860;2026-08-25 14:15:00;USR-1423;17;Standard;1;50;100;Card;CS2;4.5;0
SESS-16650;2026-08-14 22:48:00;USR-1086;24;Standard;8;0;800;Card;CS2;4.5;0
SESS-16976;2026-08-28 09:56:00;USR-1504;23;Standard;2;0;200;App;Valorant;4.0;0
SESS-14318;2026-08-03 20:28:00;USR-1237;14;Standard;2;0;200;Card;CS2;4.0;0
SESS-13185;2026-08-13 17:50:00;USR-1514;14;Standard;3;0;300;Card;CS2;5.0;0
SESS-11242;2026-08-08 07:58:00;USR-1530;21;Standard;2;0;200;Card;Deadlock;4.5;0
SESS-13912;2026-08-26 03:43:00;USR-1361;20;Bootcamp;4;570;600;Card;Valorant;3.0;0
SESS-12746;2026-08-21 00:32:00;USR-1791;25;Bootcamp;4;900;540;Card;CS2;4.0;1
SESS-16048;2026-08-23 17:09:00;USR-1555;22;Standard;3;0;300;Card;Deadlock;4.0;0
SESS-11888;2026-08-18 14:40:00;USR-1299;21;Standard;2;400;200;Cash;CS2;5.0;0
SESS-13257;2026-08-16 09:36:00;USR-1452;14;Bootcamp;8;0;1200;Cash;PUBG;5.0;0
SESS-10435;2026-08-21 15:01:00;USR-1458;16;PS5;2;0;500;App;Valorant;;0
SESS-13922;2026-08-24 14:38:00;USR-1650;16;VIP;1;0;200;App;CS2;4.5;0
SESS-11966;2026-08-26 04:20:00;USR-1387;25;PS5;1;50;225;App;Dota 2;2.0;1
SESS-12351;2026-08-11 16:06:00;USR-1485;17;VIP;4;0;720;App;Minecraft;3.0;1
SESS-15156;2026-08-03 07:54:00;USR-1386;21;VIP;1;300;180;Cash;Minecraft;1.0;1
SESS-12751;2026-08-20 02:18:00;USR-1538;16;Bootcamp;3;850;450;Cash;CS2;4.5;0
SESS-10576;2026-08-19 05:36:00;USR-1027;35;Standard;4;0;400;Card;Dota 2;4.5;0
SESS-11321;2026-08-26 09:13:00;USR-1531;3;VIP;999;650;400;App;Valorant;1.0;0
SESS-11869;2026-08-28 14:31:00;USR-1581;18;Standard;4;800;400;Card;CS2;4.0;0
SESS-11261;2026-08-07 11:16:00;USR-1045;23;VIP;2;0;360;Card;Valorant;4.5;1
SESS-13469;2026-08-14 18:20:00;USR-1159;24;Bootcamp;4;300;540;;PUBG;2.0;1
SESS-14651;2026-08-08 04:36:00;USR-1614;15;Bootcamp;1;180;150;Card;Dota 2;5.0;0
SESS-17320;2026-08-04 05:16:00;USR-1615;22;Standard;3;0;300;Card;Minecraft;4.5;0
SESS-13055;2026-08-21 07:57:00;USR-1551;15;PS5;2;160;500;Card;Dota 2;5.0;0
SESS-10486;2026-08-24 06:38:00;USR-1713;25;VIP;3;0;600;Card;CS2;5.0;0
SESS-10625;2026-08-15 05:41:00;USR-1148;21;Bootcamp;1;0;150;Card;Apex Legends;4.0;0
SESS-10199;2026-08-19 21:17:00;USR-1788;15;PS5;3;0;750;Cash;Dota 2;5.0;0
SESS-16872;2026-08-05 16:08:00;USR-1448;34;Standard;3;0;300;Card;Minecraft;4.0;0
SESS-11277;2026-08-30 04:08:00;USR-1100;27;VIP;1;0;200;Card;Minecraft;3.0;0
SESS-15329;2026-08-12 21:33:00;USR-1102;28;Standard;4;0;360;Cash;Dota 2;5.0;1
SESS-13131;2026-08-02 16:56:00;USR-1783;14;PS5;1;0;225;Card;CS2;4.0;1
SESS-13153;2026-08-03 18:21:00;USR-1251;14;Bootcamp;2;350;300;Card;CS2;5.0;0
SESS-11507;2026-08-05 10:10:00;USR-1535;17;Bootcamp;3;610;450;App;Dota 2;4.0;0
SESS-15672;2026-08-26 01:20:00;USR-1072;15;Standard;2;400;200;Card;Dota 2;4.5;0
SESS-10994;2026-08-15 16:46:00;USR-1773;19;Bootcamp;1;300;150;Card;CS2;4.5;0
SESS-12973;2026-08-10 08:37:00;USR-1536;23;Standard;1;50;100;App;Minecraft;4.5;0
SESS-15562;2026-08-10 06:16:00;USR-1425;22;Standard;2;0;200;Card;Deadlock;4.0;0
SESS-14774;2026-08-06 12:03:00;USR-1570;26;ps5;1;50;90;App;CS2;2.0;1
SESS-14982;2026-08-26 17:18:00;USR-1719;23;VIP;3;0;600;Card;Dota 2;4.5;0
SESS-13481;2026-08-13 00:04:00;USR-1576;36;VIP;1;370;180;Cash;Dota 2;4.0;1
SESS-10354;2026-08-12 00:17:00;USR-1484;24;Standard;2;0;200;Card;Valorant;4.5;0
SESS-14354;2026-08-16 04:45:00;USR-1133;19;VIP;5;0;900;Card;Dota 2;2.0;1
SESS-10048;2026-08-20 15:23:00;USR-1096;28;Standard;2;400;180;App;CS2;4.0;1
SESS-10176;2026-08-12 19:39:00;USR-1062;22;VIP;2;0;360;App;Valorant;5.0;1
SESS-12770;2026-08-23 15:29:00;USR-1020;18;Bootcamp;1;370;135;App;CS2;3.0;1
SESS-11452;2026-08-06 22:51:00;USR-1143;21;Standard;2;0;200;App;Deadlock;5.0;0
SESS-16678;2026-08-13 07:12:00;USR-1121;21;Standard;4;800;400;Cash;Valorant;5.0;0
SESS-12345;2026-08-14 18:33:00;USR-1154;22;Bootcamp;4;0;600;Cash;CS2;5.0;0
SESS-11352;2026-08-30 06:16:00;USR-1401;14;Standard;2;240;180;Card;GTA V;3.0;1
SESS-16106;2026-08-05 19:23:00;USR-1783;14;Standard;3;360;300;Card;Valorant;2.0;0
SESS-16135;2026-08-27 22:49:00;USR-1051;23;VIP;1;0;180;Card;Dota 2;5.0;1
SESS-10091;2026-08-14 20:14:00;USR-1505;28;Standard;3;0;300;Card;Minecraft;3.0;0
SESS-16116;2026-08-05 01:04:00;USR-1753;22;Standard;1;80;100;Cash;Dota 2;4.5;0
SESS-15110;2026-08-06 16:35:00;USR-1621;23;Standard;8;640;720;Card;Valorant;5.0;1
SESS-13501;2026-08-16 21:44:00;USR-1581;18;VIP;1;330;200;Card;CS2;4.0;0
SESS-16306;2026-08-26 10:50:00;USR-1542;23;VIP;2;0;400;Card;CS2;4.5;0
SESS-12572;2026-08-26 22:41:00;USR-1250;20;Standard;4;0;400;Card;CS2;4.5;0
SESS-13820;2026-08-11 15:11:00;USR-1573;23;Standard;5;250;500;Card;Apex Legends;4.5;0
SESS-15550;2026-08-26 11:17:00;USR-1123;14;Bootcamp;1;0;150;Card;CS2;4.5;0
SESS-12845;2026-08-27 03:17:00;USR-1791;25;Standard;1;120;90;Card;Dota 2;4.5;1
SESS-11595;2026-08-01 23:18:00;USR-1763;33;Bootcamp;4;900;600;Card;Valorant;4.0;0
SESS-10106;2026-08-11 16:53:00;USR-1068;18;Standard;3;0;270;Cash;Valorant;3.0;1
SESS-15406;2026-08-28 04:53:00;USR-1220;22;Standard;2;100;200;Card;Valorant;3.0;0
SESS-15807;2026-08-30 17:42:00;USR-1140;20;Standard;3;150;300;Card;Minecraft;5.0;0
SESS-15407;2026-08-28 05:34:00;USR-1662;25;Standard;12;2400;1200;App;Minecraft;5.0;0
SESS-13025;2026-08-29 06:10:00;USR-1349;20;Standard;2;400;200;Card;Deadlock;5.0;0
SESS-15294;2026-08-21 20:40:00;USR-1208;14;Bootcamp;4;900;600;App;PUBG;4.5;0
SESS-13358;2026-08-04 08:31:00;USR-1100;27;Standard;3;0;300;Card;CS2;4.5;0
SESS-11656;2026-08-16 22:26:00;USR-1479;18;PS5;2;0;500;Card;Valorant;4.5;0
SESS-15019;2026-08-04 17:22:00;USR-1158;24;Bootcamp;2;340;300;Card;CS2;4.5;0
SESS-11302;2026-08-13 09:44:00;USR-1068;18;Bootcamp;2;0;270;Card;CS2;1.0;1
SESS-16583;2026-08-24 12:48:00;USR-1310;22;VIP;5;0;1000;Card;Valorant;5.0;0
SESS-13033;2026-08-30 19:38:00;USR-1732;23;ps5;3;360;300;Card;Valorant;4.5;0
SESS-14357;2026-08-31 16:16:00;USR-1610;22;Standard;5;600;450;Card;Apex Legends;5.0;1
SESS-11662;2026-08-20 18:01:00;USR-1227;24;Standard;2;0;200;Cash;Valorant;4.5;0
SESS-14844;2026-08-29 12:41:00;USR-1391;20;VIP;4;0;800;Card;CS2;1.0;0
SESS-15737;2026-08-23 03:08:00;USR-1073;15;Standard;4;200;360;Card;CS2;4.0;1
SESS-12865;2026-08-23 16:12:00;USR-1773;19;VIP;2;0;360;Card;Dota 2;4.5;1
SESS-11672;2026-08-20 07:07:00;USR-1591;20;Standard;2;0;200;Card;CS2;4.0;0
SESS-15561;2026-08-18 23:46:00;USR-1030;18;Standard;12;600;1200;Card;Dota 2;4.0;0
SESS-11795;2026-08-09 00:36:00;USR-1493;14;Standard;2;0;200;Card;Valorant;4.5;0
SESS-10167;2026-08-20 17:21:00;USR-1630;21;Standard;1;80;100;Card;Browser/Work;4.0;0
SESS-10965;2026-08-04 07:58:00;USR-1471;21;VIP;2;410;360;App;Valorant;4.0;1
SESS-17044;2026-08-16 20:58:00;USR-1655;21;Bootcamp;1;0;135;Card;Valorant;5.0;1
SESS-16470;2026-08-19 02:43:00;USR-1768;22;Bootcamp;1 часа;0;150;Cash;Dota 2;4.0;0
SESS-16083;2026-08-22 12:23:00;USR-1420;14;Standard;2;0;200;App;CS2;4.5;0
SESS-12375;2026-08-29 18:36:00;USR-1792;36;Bootcamp;1;300;150;Card;Dota 2;4.5;0
SESS-11649;2026-08-03 17:29:00;USR-1135;36;Bootcamp;1;220;150;Card;Dota 2;4.0;0
SESS-12650;2026-08-01 19:52:00;USR-1660;18;Bootcamp;3;0;450;Card;Valorant;4.5;0
SESS-13739;2026-08-15 15:48:00;USR-1219;20;Standard;3;150;270;App;Valorant;3.0;1
SESS-14483;2026-08-09 19:54:00;USR-1568;21;Bootcamp;1;370;135;Card;PUBG;5.0;1
SESS-15469;2026-08-24 08:54:00;USR-1681;27;VIP;2;0;400;Cash;Dota 2;4.5;0
SESS-17002;2026-08-30 23:50:00;USR-1427;21;Bootcamp;4;0;600;Card;Dota 2;4.0;0
SESS-11511;2026-08-31 09:01:00;USR-1192;38;Standard;1;50;100;Card;Dota 2;4.0;0
SESS-12316;2026-08-19 20:16:00;USR-1288;16;Standard;4;0;400 ₽;App;CS2;4.0;0
SESS-13872;2026-08-10 17:33:00;USR-1249;16;Standard;1;0;100;Card;Dota 2;4.0;0
SESS-11175;2026-08-03 18:13:00;USR-1487;16;PS5;5;0;1250;App;CS2;3.0;0
SESS-14376;2026-08-02 15:54:00;USR-1722;20;VIP;3;0;540;Card;Valorant;5.0;1
SESS-12345;2026-08-14 18:33:00;USR-1154;22;Bootcamp;4;0;600;Cash;CS2;5.0;0
SESS-15533;2026-08-31 21:24:00;USR-1701;22;Standard;2;0;200;Card;CS2;4.0;0
SESS-11451;2026-08-09 09:53:00;USR-1168;16;PS5;3;0;675;Card;Valorant;5.0;1
SESS-13388;2026-08-29 09:46:00;USR-1323;20;VIP;1;0;200;Cash;CS2;4.0;0
SESS-13849;08/20/26;USR-1435;18;PS5;1;0;250;App;Dota 2;4.5;0
SESS-14325;2026-08-29 10:49:00;USR-1526;15;Standard;4;480;400;Card;Deadlock;5.0;0
SESS-13891;2026-08-06 04:38:00;USR-1670;22;VIP;1;450;200;Card;Dota 2;4.5;0
SESS-11027;2026-08-28 16:15:00;USR-1664;15;PS5;4;480;1000;Cash;CS2;4.0;0
SESS-10511;2026-08-10 14:57:00;USR-1402;23;Standard;3;150;300;Card;CS2;4.0;0
SESS-12436;2026-08-25 17:41:00;USR-1399;23;VIP;4;0;800;;GTA V;4.5;0
SESS-14746;2026-08-10 18:58:00;USR-1481;32;VIP;3;0;600;Card;Apex Legends;3.0;0
SESS-12268;2026-08-20 07:47:00;USR-1207;17;VIP;2;0;360;App;Dota 2;4.5;1
SESS-13463;2026-08-14 17:50:00;USR-1792;36;VIP;4;0;800;Cash;Deadlock;3.0;0
SESS-10879;2026-08-11 02:08:00;USR-1410;25;Standard;3;600;300;Card;CS2;4.0;0
SESS-15643;2026-08-04 02:49:00;USR-1128;21;VIP;12;2650;2400;Card;CS2;4.0;0
SESS-11765;2026-08-19 02:30:00;USR-1264;20;Bootcamp;8;1700;1080;Card;Minecraft;2.0;1
SESS-15214;2026-08-10 19:56:00;USR-1318;35;PS5;1;50;250;Card;Minecraft;3.0;0
SESS-15510;2026-08-16 21:30:00;USR-1763;33;Standard;2;100;200;Card;CS2;4.0;0
SESS-11677;2026-08-03 20:42:00;USR-1026;23;VIP;2;650;400;App;Deadlock;4.0;0
SESS-16416;2026-08-01 19:48:00;USR-1074;17;Standard;3;0;270;Cash;CS2;3.0;1
SESS-15568;2026-08-22 18:37:00;USR-1518;24;VIP;1;300;180;Card;Dota 2;5.0;1
SESS-11811;2026-08-05 05:06:00;USR-1245;19;VIP;3;0;540;App;Dota 2;5.0;1
SESS-13043;2026-08-21 17:08:00;USR-1493;14;Bootcamp;5;0;750;Cash;CS2;4.5;0
SESS-14449;2026-08-07 12:01:00;USR-1396;15;;Standard;4;0;Card;Dota 2;5.0;0
;2026-08-04 03:14:00;USR-1426;14;VIP;3;0;600;Card;Dota 2;5.0;0
SESS-16140;2026-08-20 09:55:00;USR-1168;16;ps5;8;0;1600;App;Deadlock;1.0;0
SESS-11703;2026-08-01 06:06:00;USR-1071;14;Bootcamp;3;700;450;App;Valorant;4.5;0
SESS-13901;2026-08-02 18:00:00;USR-1250;20;Standard;2;400;200;Card;CS2;4.5;0
SESS-15470;2026-08-20 02:31:00;USR-1687;21;Standard;4;0;400;Card;CS2;4.0;0
SESS-12523;2026-08-15 17:43:00;USR-1543;24;Standard;4;200;400;Card;Valorant;1.0;0
SESS-11720;2026-08-23 01:48:00;USR-1738;37;Standard;1;120;90;Card;Dota 2;3.0;1
SESS-11563;2026-08-28 01:59:00;USR-1119;19;Standard;5;0;500;Card;Dota 2;4.5;0
SESS-14392;2026-08-13 17:37:00;USR-1128;21;Standard;1;120;100;Card;Dota 2;4.5;0
SESS-10073;2026-08-10 11:52:00;USR-1464;18;Standard;12;600;1200;Card;Browser/Work;2.0;0
SESS-10736;2026-08-23 19:25:00;USR-1128;21;Standard;3;360;270;Card;Minecraft;3.0;1
SESS-14510;2026-08-30 08:55:00;USR-1015;23;VIP;2;0;360;App;Dota 2;4.5;1
SESS-12275;2026-08-06 23:03:00;USR-1682;17;VIP;3;0;600;Card;CS2;5.0;0
SESS-15267;2026-08-30 19:59:00;USR-1242;15;Bootcamp;5;0;750;Card;Deadlock;4.5;0
SESS-11320;2026-08-23 01:41:00;USR-1524;29;VIP;4;0;800;Card;Cyberpunk 2077;5.0;0
SESS-13007;2026-08-08 06:03:00;USR-1270;24;Standard;3;0;270;App;GTA V;5.0;1
SESS-10711;2026-08-13 12:17:00;USR-1088;22;Bootcamp;4;0;600;Card;Minecraft;1.0;0
SESS-13707;2026-08-10 11:51:00;USR-1250;20;VIP;3;0;600;Card;CS2;4.5;0
SESS-16003;2026-08-29 13:34:00;USR-1111;35;Standard;4;480;400;App;CS2;4.0;0
SESS-11406;2026-08-17 12:45:00;USR-1446;24;Standard;2;100;200;App;CS2;5.0;0
SESS-10179;2026-08-12 07:09:00;USR-1034;16;Standard;3;0;300;Card;Dota 2;4.0;0
SESS-16752;2026-08-23 08:34:00;USR-1385;18;VIP;1;0;200;App;Valorant;4.0;0
SESS-15321;2026-08-14 03:54:00;USR-1092;17;VIP;2;0;400;Card;PUBG;4.0;0
SESS-15835;2026-08-23 16:05:00;USR-1344;18;VIP;3;0;600;Card;CS2;4.5;0
;2026-08-18 14:41:00;;16;Bootcamp;12;0;1800;Card;PUBG;5.0;0
SESS-12111;2026-08-06 00:30:00;USR-1269;22;Standard;2;0;200;Card;GTA V;3.0;0
SESS-11582;2026-08-31 03:21:00;USR-1483;22;Standard;2;0;200;Card;PUBG;4.0;0
SESS-14467;2026-08-12 02:12:00;USR-1376;16;Standard;12;0;1200;App;Valorant;1.0;0
SESS-10031;2026-08-25 10:43:00;USR-1178;18;PS5;3;0;750;App;CS2;4.0;0
SESS-15006;2026-08-01 17:24:00;USR-1396;140;Bootcamp;-2;0;300;App;CS2;5.0;0
SESS-15397;2026-08-31 19:23:00;USR-1342;21;Standard;2;240;200;App;Dota 2;4.5;0
SESS-17149;2026-08-27 05:29:00;USR-1100;27;PS5;8 ч.;640;2000;Card;Deadlock;3.0;0
SESS-11024;2026-08-17 15:20:00;USR-1436;23;Standard;2;240;200;Card;Apex Legends;5.0;0
SESS-16596;2026-08-23 20:13:00;USR-1303;27;VIP;2;0;400;;Valorant;4.5;0
SESS-10168;2026-08-19 16:08:00;USR-1759;20;Standard;2;100;180;App;Dota 2;5.0;1
SESS-14031;2026-08-27 13:20:00;USR-1646;19;;Standard;3;0;Card;CS2;1.0;0
SESS-11295;2026-08-12 10:32:00;USR-1678;14;Bootcamp;2;490;300;Card;CS2;4.5;0
SESS-17274;2026-08-08 14:46:00;USR-1490;19;Standard;2;100;200;Card;CS2;4.5;0
SESS-16337;2026-08-28 15:45:00;USR-1106;15;Standard;2;0;200;Card;CS2;2.0;0
SESS-15141;2026-08-11 09:46:00;USR-1240;21;Standard;2;0;180;App;CS2;4.5;1
SESS-14174;2026-08-16 12:56:00;USR-1414;17;Standard;5;0;500;Card;CS2;4.5;0
SESS-13942;2026-08-27 03:44:00;USR-1365;24;PS5;2;100;500;Card;CS2;4.5;0
SESS-14620;2026-08-20 23:23:00;USR-1301;23;VIP;2;0;400;Card;CS2;4.0;0
SESS-13907;2026-08-26 21:02:00;USR-1396;15;Standard;3;0;300;Card;CS2;5.0;0
SESS-13660;2026-08-19 05:30:00;USR-1405;23;Bootcamp;3;400;450;Card;CS2;4.5;0
SESS-12412;2026-08-05 20:16:00;USR-1279;16;VIP;2;410;400;Card;CS2;4.5;0
SESS-16586;2026-08-13 12:03:00;USR-1176;20;Standard;4;0;400;Card;GTA V;3.0;0
SESS-10733;2026-08-30 02:57:00;USR-1138;19;Standard;1;0;90;Card;CS2;4.0;1
SESS-11057;2026-08-28 18:05:00;USR-1464;18;PS5;2;240;500;App;Dota 2;4.5;0
SESS-14305;2026-08-16 01:47:00;USR-1093;17;Standard;2;0;200;Card;GTA V;4.5;0
SESS-13896;2026-08-21 16:27:00;USR-1451;25;Standard;1;120;100;Cash;CS2;2.0;0
SESS-10789;2026-08-25 09:29:00;USR-1417;19;Standard;2;100;200;Card;CS2;4.5;0
SESS-14322;2026-08-10 08:49:00;USR-1020;18;;Standard;1;200;Card;CS2;4.0;0
SESS-16468;2026-08-11 05:58:00;USR-1762;22;Standard;1;0;100;Cash;CS2;4.0;0
SESS-11281;2026-08-13 21:57:00;USR-1260;21;Standard;2;240;200;Card;CS2;4.0;0
SESS-13916;2026-08-25 14:02:00;USR-1720;27;VIP;5;0;1000;App;Deadlock;5.0;0
SESS-13113;2026-08-31 11:20:00;USR-1173;15;Standard;4;0;400;Card;CS2;;0
SESS-12317;2026-08-20 18:18:00;USR-1317;23;VIP;~3;0;600;Card;Valorant;5.0;0
SESS-15752;2026-08-08 02:41:00;USR-1509;16;Bootcamp;2;0;300;Cash;Dota 2;4.5;0
SESS-10773;2026-08-14 22:00:00;USR-1025;15;Bootcamp;5;0;750;Card;Dota 2;4.5;0
SESS-11886;2026-08-09 19:38:00;USR-1127;17;Standard;12;600;1200;App;Apex Legends;4.5;0
SESS-16437;2026-08-17 03:48:00;USR-1047;32;VIP;3;340;600;Card;Minecraft;1.0;0
SESS-10856;2026-08-24 12:38:00;USR-1294;14;VIP;1;300;200;App;CS2;4.0;0
SESS-13381;2026-08-24 10:59:00;USR-1520;26;Standard;1;0;100;Card;Dota 2;5.0;0
SESS-11790;2026-08-21 08:36:00;USR-1029;20;PS5;5;0;1250;Card;Dota 2;5.0;0
SESS-16412;2026-08-23 23:53:00;USR-1387;25;VIP;2;0;400;Card;CS2;4.5;0
SESS-15030;2026-08-26 21:02:00;USR-1463;20;PS5;3;240;675;;CS2;4.5;1
SESS-11617;2026-08-18 05:27:00;USR-1507;22;Bootcamp;2;410;270;Card;Apex Legends;2.0;1
SESS-12406;2026-08-29 06:03:00;USR-1486;23;;VIP;3;0;Card;Dota 2;4.0;0
SESS-10500;2026-08-03 13:06:00;USR-1536;23;VIP;5;1100;1000;Card;Dota 2;4.0;0
SESS-15942;2026-08-19 06:24:00;USR-1383;18;Bootcamp;3;0;450;Card;CS2;4.0;0
SESS-10437;2026-08-26 13:52:00;USR-1486;23;Standard;3;0;300;App;CS2;2.0;0
SESS-14899;18.08.2026;USR-1077;18;VIP;2;350;400;Card;CS2;4.5;0
SESS-14397;2026-08-25 22:27:00;USR-1020;3;Standard;-2;0;400;Card;CS2;3.0;0
SESS-16272;2026-08-31 10:51:00;USR-1225;26;Bootcamp;2;0;300;Card;Dota 2;3.0;0
SESS-12445;2026-08-13 00:40:00;USR-1043;22;VIP;2;650;360;App;CS2;3.0;1
SESS-10957;2026-08-23 18:40:00;USR-1061;16;Standard;3;0;300;Card;Valorant;5.0;0
SESS-10080;2026-08-14 18:37:00;USR-1101;18;Bootcamp;2;260;300;Card;Dota 2;4.5;0
SESS-15274;2026-08-13 17:08:00;USR-1440;16;Standard;1;0;100;Card;Dota 2;4.0;0
SESS-12245;2026-08-19 18:47:00;USR-1378;21;Bootcamp;1;0;150;Card;CS2;5.0;0
SESS-13487;2026-08-20 10:53:00;USR-1398;16;;Standard;8;0;App;CS2;3.0;0
SESS-16261;2026-08-16 01:28:00;USR-1155;16;Bootcamp;3;340;450;Card;CS2;4.0;0
SESS-15926;2026-08-02 12:57:00;USR-1216;20;Standard;2;100;200;App;Minecraft;5.0;0
SESS-17299;2026-08-18 10:48:00;USR-1373;16;Standard;2;400;200;Card;CS2;5.0;0
SESS-12963;2026-08-27 17:37:00;USR-1386;21;Bootcamp;8;0;1200;Card;CS2;4.0;0
SESS-16765;2026-08-03 00:36:00;USR-1555;22;Bootcamp;2;260;300;App;CS2;4.0;0
SESS-12473;2026-08-13 07:16:00;USR-1705;20;Standard;3;360;300;Card;GTA V;5.0;0
SESS-17175;2026-08-24 03:45:00;USR-1647;27;Standard;4;480;400;Card;CS2;1.0;0
SESS-13182;2026-08-02 18:26:00;USR-1421;27;PS5;2;160;500;Card;CS2;5.0;0
SESS-11732;2026-08-16 21:41:00;USR-1084;23;VIP;3;400;600;Card;Deadlock;2.0;0
SESS-11420;2026-08-11 07:08:00;USR-1029;20;Bootcamp;1;0;135;Card;CS2;4.5;1
SESS-13992;2026-08-17 15:33:00;USR-1308;15; standard ;4;0;800;Card;CS2;4.5;0
SESS-10037;2026-08-16 07:02:00;USR-1438;41;PS5;5;250;1250;Card;Valorant;4.0;0
SESS-14189;2026-08-30 03:23:00;USR-1167;17;VIP;3;0;540;Card;Dota 2;2.0;1
SESS-10534;2026-08-10 21:42:00;USR-1381;22;Standard;2;0;200;Cash;CS2;4.0;0
SESS-11253;08/13/26;USR-1676;14;Standard;3;0;300;App;CS2;4.0;0
SESS-15663;2026-08-05 18:38:00;USR-1228;19;Standard;2;0;200;App;CS2;4.0;0
SESS-10079;2026-08-31 17:24:00;USR-1723;18;Standard;1;50;90;App;Valorant;3.0;1
SESS-12002;2026-08-04 06:36:00;USR-1476;16;Bootcamp;12;0;1800;Card;CS2;2.0;0
SESS-10585;2026-08-21 22:40:00;USR-1743;30;PS5;12;1440;3000;Card;Apex Legends;4.5;0
SESS-14861;2026-08-30 00:23:00;USR-1457;36;Standard;4;0;400;Card;Apex Legends;4.5;0
SESS-12579;2026-08-29 05:06:00;USR-1382;33;Standard;2;160;180;App;Dota 2;4.0;1
SESS-15521;2026-08-20 07:41:00;USR-1178;18;Standard;3;0;300;Card;Valorant;5.0;0
SESS-11817;2026-08-09 05:53:00;USR-1299;21;Standard;5;600;500;Card;CS2;4.5;0
SESS-15559;2026-08-28 02:40:00;USR-1792;36;VIP;2;650;360 ₽;Card;Valorant;4.0;1
SESS-14996;2026-08-11 12:30:00;USR-1203;25;Standard;3;240;270;Card;GTA V;5.0;1
SESS-10491;2026-08-18 00:37:00;USR-1282;28;Standard;3;0;270;Card;Dota 2;1.0;1
SESS-14741;2026-08-13 12:33:00;USR-1249;16;VIP;1;0;180;Cash;Dota 2;4.0;1
;2026-08-20 11:15:00;USR-1243;16;VIP;1;0;200;Card;Minecraft;4.5;0
SESS-13133;2026-08-12 15:04:00;USR-1217;14;Bootcamp;1;0;150;Card;CS2;5.0;0
SESS-14500;2026-08-04 16:29:00;USR-1478;25;Standard;12;2400;1080;Card;CS2;2.0;1
SESS-15371;2026-08-20 02:36:00;USR-1663;21;Standard;4;200;400;Card;Valorant;1.0;0
SESS-15466;2026-08-31 00:09:00;USR-1603;14;VIP;3;400;540;Cash;CS2;4.5;1
SESS-13589;2026-08-16 13:01:00;USR-1377;24;PS5;2;0;450;Card;Dota 2;2.0;1
SESS-14696;2026-08-18 09:32:00;USR-1789;20;Standard;2;0;200;Card;CS2;4.5;0
SESS-15244;2026-08-17 03:21:00;USR-1333;35;Standard;1;0;100;Card;GTA V;4.5;0
SESS-17277;2026-08-12 04:05:00;USR-1404;15;VIP;1;180;200;Cash;Valorant;4.0;0
SESS-12131;2026-08-20 15:43:00;USR-1156;45;Standard;2;0;200;Card;Dota 2;4.0;0
SESS-12149;2026-08-26 23:22:00;USR-1405;23;Bootcamp;4;0;600;Card;CS2;5.0;0
SESS-14091;2026-08-27 16:18:00;USR-1391;20;Standard;8;0;720;Card;Apex Legends;4.0;1
SESS-15860;2026-08-12 04:37:00;USR-1745;18;Bootcamp;4;0;600;Card;CS2;5.0;0
SESS-15356;2026-08-05 04:26:00;USR-1516;26;PS5;1;80;250;Card;Valorant;5.0;0
SESS-16144;2026-08-15 05:40:00;USR-1640;21;Standard;1;0;100;Card;Dota 2;4.0;0
SESS-14280;2026-08-20 21:08:00;USR-1450;19;PS5;8;400;1800;Card;CS2;5.0;1
SESS-15426;2026-08-24 19:20:00;USR-1651;18;PS5;4;0;900;Cash;Valorant;4.5;1
SESS-12133;2026-08-08 07:45:00;USR-1740;14;Standard;1;50;100;Card;Minecraft;4.5;0
SESS-11335;2026-08-16 01:49:00;USR-1479;18;Standard;3;0;300;Cash;CS2;4.0;0
SESS-14552;2026-08-24 08:15:00;USR-1556;18;VIP;2;0;400;Card;Dota 2;4.0;0
SESS-10401;2026-08-19 06:58:00;USR-1414;17;Standard;1;50;100;App;PUBG;1.0;0
SESS-11905;2026-08-08 01:45:00;USR-1279;16;Standard;3;0;300;App;Valorant;4.5;0
SESS-10157;2026-08-21 18:27:00;USR-1308;15;Standard;1;0;100;Card;Cyberpunk 2077;5.0;0
SESS-14960;2026-08-25 15:36:00;USR-1540;26;PS5;4;0;1000;App;Dota 2;4.5;0
SESS-11545;2026-08-14 22:35:00;USR-1659;30;Standard;5;400;500;Card;Dota 2;5.0;0
SESS-12929;2026-08-11 14:23:00;USR-1795;20;Bootcamp;3;610;450;Cash;PUBG;4.5;0
SESS-13149;2026-08-14 15:57:00;USR-1046;20;VIP;3;610;540;Card;Cyberpunk 2077;3.0;1
SESS-10866;2026-08-23 18:56:00;USR-1097;19;VIP;4;900;800;Cash;Dota 2;4.0;0
SESS-13107;2026-08-01 12:56:00;USR-1101;18;Standard;2;0;200;Card;CS2;4.5;0
SESS-14050;2026-08-16 14:12:00;USR-1507;22;VIP;4;0;800;Card;CS2;5.0;0
SESS-15118;2026-08-12 20:28:00;USR-1768;22;Standard;1;0;100;Card;Valorant;5.0;0
SESS-15458;2026-08-09 07:26:00;USR-1592;20;Standard;3;360;300;Card;CS2;4.5;0
SESS-15910;2026-08-09 16:07:00;USR-1006;35;Standard;8;0;720;App;CS2;4.5;1
SESS-15157;2026-08-10 01:53:00;USR-1724;37;Standard;3;240;270;Card;CS2;5.0;1
SESS-10573;2026-08-16 23:47:00;USR-1153;22;Bootcamp;5;0;675;Cash;Dota 2;5.0;1
SESS-16639;2026-08-14 12:41:00;USR-1194;14;Standard;1;0;100;Card;Apex Legends;3.0;0
SESS-13479;2026-08-11 03:57:00;USR-1032;16;Bootcamp;4;1050;600;App;Dota 2;4.0;0
SESS-14247;2026-08-22 20:39:00;USR-1614;15;Bootcamp;1;0;150;Card;Dota 2;4.0;0
SESS-14694;2026-08-16 04:19:00;USR-1645;15;Standard;1;50;100;Card;Dota 2;4.5;0
SESS-13905;2026-08-05 03:07:00;USR-1729;17;Standard;4;0;400;Card;CS2;5.0;0
SESS-10535;2026-08-26 12:38:00;USR-1376;16;Standard;4;0;400;Card;Dota 2;4.0;0
SESS-13050;2026-08-23 06:44:00;USR-1002;22;VIP;2;0;400;Card;Dota 2;5.0;0
SESS-12699;2026-08-01 11:48:00;USR-1436;23;Standard;2;240;200;Card;CS2;5.0;0
SESS-11569;2026-08-04 07:53:00;USR-1771;21;VIP;3;610;540;Card;CS2;3.0;1
SESS-16305;2026-08-21 07:42:00;USR-1069;16;Standard;4;0;400;Card;Deadlock;4.0;0
SESS-13757;2026-08-27 21:59:00;USR-1184;23;PS5;3;600;675;Card;Dota 2;4.5;1
SESS-15036;2026-08-30 15:42:00;USR-1676;14;Standard;2;240;200;Card;Valorant;4.5;0
SESS-14339;2026-08-24 08:10:00;USR-1513;32;Bootcamp;12;0;1800;Card;Valorant;4.5;0
SESS-15176;2026-08-10 18:33:00;USR-1714;18;Bootcamp;2;0;300;Card;CS2;5.0;0
SESS-14288;2026-08-30 07:12:00;USR-1736;23;Standard;1;200;100;Cash;Dota 2;3.0;0
SESS-16547;2026-08-28 23:11:00;USR-1314;21;VIP;8;1700;1600;Card;Dota 2;4.0;0
SESS-14315;2026-08-25 23:26:00;USR-1606;21;VIP;2;490;400;;CS2;4.5;0
SESS-14851;2026-08-20 11:02:00;USR-1331;15;PS5;5;1000;1250;Card;GTA V;4.5;0
SESS-13196;2026-08-02 06:13:00;USR-1189;18;VIP;1;0;180;Card;Valorant;3.0;1
SESS-16428;2026-08-30 21:58:00;USR-1144;14;Bootcamp;2;260;300;Card;GTA V;4.5;0
SESS-13794;2026-08-08 22:31:00;USR-1204;14;PS5;4;200;1000;App;CS2;4.5;0
SESS-10473;2026-08-16 10:32:00;USR-1687;21;PS5;1;80;250;Card;Dota 2;4.5;0
SESS-12742;2026-08-22 11:35:00;USR-1725;21;Bootcamp;3;0;405;App;Valorant;4.0;1
SESS-15880;2026-08-13 16:08:00;USR-1391;20;VIP;2;0;400;App;CS2;2.0;0
SESS-11533;2026-08-07 23:14:00;USR-1364;14;Standard;3;360;300;;CS2;4.0;0
SESS-12644;2026-08-22 23:18:00;USR-1582;19;Standard;2;160;200;Card;Dota 2;4.0;0
SESS-15647;2026-08-09 07:28:00;USR-1577;23;Standard;2;0;200;Card;Dota 2;5.0;0
SESS-12619;2026-08-04 08:46:00;USR-1669;22;Standard;4;0;360;Card;Dota 2;4.5;1
SESS-12260;2026-08-25 17:28:00;USR-1012;34;VIP;3;850;600;Card;CS2;5.0;0
SESS-12299;2026-08-11 14:52:00;USR-1098;20;Standard;1;120;100;App;Minecraft;3.0;0
SESS-10469;2026-08-07 11:08:00;USR-1347;21;Standard;2;400;200;Card;Valorant;4.0;0
SESS-11793;2026-08-28 08:06:00;USR-1151;21;VIP;2;0;400;Card;CS2;5.0;0
SESS-11199;2026-08-11 01:48:00;USR-1717;17;Bootcamp;1;300;150;Cash;Valorant;4.0;0
SESS-16058;2026-08-03 15:39:00;USR-1191;16;Standard;4;0;360;Card;Minecraft;5.0;1
SESS-15269;2026-08-11 18:12:00;USR-1243;16;VIP;1;0;180;Card;Valorant;4.5;1
SESS-17008;2026-08-10 19:59:00;USR-1465;14;Standard;2;0;200;App;Minecraft;5.0;0
SESS-10247;2026-08-07 09:41:00;USR-1191;16;Standard;3;0;300;App;Minecraft;4.5;0
SESS-11726;2026-08-28 15:47:00;USR-1203;25;VIP;2;350;360;Card;CS2;3.0;1
SESS-16110;2026-08-29 11:45:00;USR-1546;29;PS5;3;0;750;Card;Dota 2;4.0;0
SESS-11168;2026-08-29 17:15:00;USR-1120;28;Standard;3;0;300;Card;CS2;3.0;0
SESS-15677;2026-08-11 06:03:00;USR-1443;14;PS5;2;240;500;Card;Valorant;4.0;0
SESS-10761;2026-08-03 06:56:00;USR-1799;20;Standard;2;160;200;Card;Dota 2;4.0;0
SESS-16627;2026-08-15 20:49:00;USR-1359;23;Standard;2;0;200;App;CS2;5.0;0
SESS-15884;2026-08-29 08:04:00;USR-1711;21;Standard;8;0;800;Card;Minecraft;1.0;0
SESS-15537;2026-08-01 09:36:00;USR-1355;15;Standard;12;1440;1200;Card;Dota 2;4.0;0
SESS-14140;2026-08-28 15:13:00;USR-1645;15;Bootcamp;2;410;300;Cash;Apex Legends;4.5;0
SESS-16865;2026-08-12 17:46:00;USR-1338;22;Standard;2;100;200;App;CS2;2.0;0
SESS-10642;2026-08-18 16:13:00;USR-1394;24;Standard;1;0;100;Card;Dota 2;4.5;0
SESS-12603;2026-08-23 21:34:00;USR-1155;16;VIP;3;250;540;Card;Dota 2;5.0;1
SESS-12840;2026-08-29 23:46:00;USR-1719;23;Standard;4 ч.;0;400;Card;Dota 2;5.0;0
SESS-14041;2026-08-31 03:47:00;USR-1347;21;Standard;2;0;180;Card;Dota 2;5.0;1
SESS-10228;2026-08-01 23:21:00;USR-1615;22;Standard;1;80;100;Card;PUBG;3.0;0
SESS-13682;2026-08-22 05:11:00;USR-1258;25;Bootcamp;3;700;450;App;Dota 2;4.5;0
SESS-13706;2026-08-06 08:23:00;USR-1752;24;Standard;3;240;300;Card;CS2;5.0;0
SESS-10017;2026-08-11 19:21:00;USR-1221;22; Bootcamp ;3;0;300;Card;Apex Legends;5.0;0
SESS-11740;2026-08-27 10:58:00;USR-1618;30;Standard;2;160;180;Card;CS2;4.0;1
SESS-15621;2026-08-05 13:26:00;USR-1422;17;Standard;2;240;200;Card;Deadlock;3.0;0
SESS-13904;2026-08-01 09:30:00;USR-1406;23;VIP;8;0;1600;Card;Dota 2;4.0;0
SESS-16488;2026-08-16 19:52:00;USR-1135;36;Standard;4;200;400;Card;Dota 2;5.0;0
SESS-14507;2026-08-25 02:37:00;USR-1236;21;Standard;2;0;200;Card;Minecraft;3.0;0
SESS-16611;2026-08-28 08:06:00;USR-1762;22;Standard;2;0;200;Card;Dota 2;4.5;0
SESS-10881;2026-08-26 02:00:00;USR-1772;25;Bootcamp;2;0;300;Card;Dota 2;4.0;0
SESS-11410;2026-08-30 23:56:00;USR-1509;16;VIP;4;0;800;Card;Dota 2;4.0;0
SESS-13035;2026-08-03 13:48:00;USR-1538;16;Standard;2;100;200;Card;Deadlock;4.5;0
SESS-11041;2026-08-26 20:39:00;USR-1419;20;VIP;2;0;400;Card;CS2;4.0;0
SESS-15776;2026-08-30 02:25:00;USR-1675;22;VIP;1;0;200;Card;CS2;1.0;0
SESS-15704;2026-08-26 02:17:00;USR-1040;16;Bootcamp;1;330;150;Cash;CS2;4.0;0
SESS-16059;2026-08-29 01:25:00;USR-1712;35;Standard;2;240;200;Card;Dota 2;5.0;0
SESS-13567;2026-08-26 02:30:00;USR-1413;15;Standard;2;240;180;App;PUBG;4.5;1
SESS-12510;2026-08-28 23:28:00;USR-1752;24;Standard;2;0;200;App;CS2;4.0;0
SESS-15328;2026-08-05 04:58:00;USR-1322;36;Standard;4;0;400;Card;CS2;1.0;0
SESS-15164;2026-08-23 00:07:00;USR-1689;27;VIP;2;490;400;Card;Dota 2;4.0;0
SESS-13473;2026-08-14 22:26:00;USR-1344;18;;VIP;5;0;App;Valorant;4.5;0
SESS-15972;2026-08-07 00:29:00;USR-1308;15;VIP;12;0;2400;App;Dota 2;3.0;0
SESS-10543;2026-08-04 12:39:00;USR-1390;18;VIP;3;0;600;Card;Deadlock;4.0;0
SESS-10058;2026-08-12 11:26:00;USR-1004;31;PS5;2;0;500;Card;Browser/Work;3.0;0
SESS-14056;2026-08-29 03:58:00;USR-1130;19;Standard;3;0;300;App;CS2;5.0;0
SESS-11558;2026-08-14 12:47:00;USR-1761;18;Standard;2;0;200;App;CS2;4.0;0
SESS-11002;2026-08-17 11:06:00;USR-1369;20;Standard;1;80;100;Card;CS2;2.0;0
SESS-12110;2026-08-12 11:13:00;USR-1243;16;Standard;3;0;300;App;Dota 2;1.0;0
;2026-08-07 04:33:00;USR-1441;21;Bootcamp;8;1850;1200;Card;Valorant;4.0;0
SESS-12312;2026-08-19 05:38:00;USR-1771;21;Standard;2 ч.;0;200;App;Valorant;5.0;0
SESS-11087;2026-08-24 05:24:00;USR-1338;22;Standard;3;0;300;Card;CS2;3.0;0
SESS-16688;2026-08-28 09:30:00;USR-1477;21;VIP;3;0;600;App;Minecraft;5.0;0
SESS-10096;2026-08-27 08:05:00;USR-1259;21;Standard;4;480;400;Card;Apex Legends;4.0;0
SESS-13692;2026-08-24 01:50:00;USR-1143;21;Bootcamp;3;0;450;Cash;Deadlock;3.0;0
SESS-11832;2026-08-10 06:48:00;USR-1156;45;Bootcamp;2;650;300;Card;Minecraft;4.5;0
SESS-16764;2026-08-22 07:22:00;USR-1206;15;Bootcamp;8;1700;1200;Cash;Deadlock;4.0;0
SESS-14934;2026-08-09 06:47:00;USR-1520;26;Standard;5;600;450;Cash;Dota 2;4.0;1
SESS-10877;2026-08-02 22:35:00;USR-1080;29;Standard;2;100;200;Card;Dota 2;4.5;0
SESS-11623;2026-08-09 09:59:00;USR-1350;20;Standard;3;240;300;Card;Dota 2;4.5;0
SESS-11383;2026-08-24 08:28:00;USR-1351;24;Bootcamp;2;0;300;App;Deadlock;4.0;0
SESS-10156;2026-08-31 15:12:00;USR-1092;17;Bootcamp;1;370;150;Card;CS2;4.0;0
SESS-16270;2026-08-24 03:36:00;USR-1484;24;Standard;3;360;300;Card;CS2;4.0;0
SESS-16150;2026-08-20 05:02:00;USR-1466;31;Standard;2;0;200;Card;CS2;4.0;0
SESS-13538;2026-08-03 23:37:00;USR-1418;16;Standard;1;0;100;App;Dota 2;4.0;0
SESS-12018;2026-08-23 11:26:00;USR-1211;26;VIP;2;0;400;Cash;CS2;4.5;0
SESS-13615;2026-08-04 18:57:00;USR-1736;23;Bootcamp;1;0;150;Card;Dota 2;2.0;0
SESS-13102;2026-08-08 03:12:00;USR-1174;22;Standard;1;0;100;App;PUBG;4.0;0
SESS-10611;2026-08-27 17:27:00;USR-1007;17;Bootcamp;1;330;150;Card;Valorant;5.0;0
SESS-16356;2026-08-14 02:26:00;USR-1150;27;Standard;8;0;800;Card;CS2;4.5;0
SESS-14949;2026-08-09 13:57:00;USR-1237;14;Bootcamp;3;610;405;Card;CS2;5.0;1
SESS-16848;2026-08-24 18:32:00;USR-1057;32;Standard;3;240;300;Card;CS2;5.0;0
SESS-10696;2026-08-02 17:16:00;USR-1066;16;Standard;3;0;300;Card;Dota 2;4.5;0
SESS-10425;2026-08-04 15:04:00;USR-1103;20;VIP;2;340;400;Card;PUBG;4.0;0
SESS-13951;2026-08-04 21:32:00;USR-1569;19;Standard;3;0;300;Card;CS2;3.0;0
SESS-10712;2026-08-28 20:16:00;USR-1190;26;Bootcamp;2;0;300;Card;Valorant;4.5;0
SESS-11153;2026-08-29 09:22:00;USR-1696;21;VIP;3;610;540;Card;Dota 2;3.0;1
SESS-13206;2026-08-23 21:15:00;USR-1703;20;Standard;2;0;200;Card;CS2;5.0;0
SESS-11128;2026-08-24 09:12:00;USR-1305;19;Bootcamp;2;200;270;Card;Apex Legends;5.0;1
SESS-16915;2026-08-19 15:24:00;USR-1627;22;Standard;3;240;300;Card;CS2;4.0;0
SESS-15434;2026-08-04 05:05:00;USR-1139;16;Standard;8;0;720;Card;Dota 2;3.0;1
SESS-10447;2026-08-21 03:57:00;USR-1175;25;Standard;2;0;200;Card;Dota 2;4.0;0
SESS-16249;2026-08-31 19:47:00;USR-1035;17;VIP;2;650;400;Card;Dota 2;5.0;0
SESS-13792;2026-08-09 19:21:00;USR-1067;23;VIP;4;570;800;App;CS2;3.0;0
SESS-17271;2026-08-04 08:45:00;USR-1162;32;PS5;4;0;9ОО;Cash;CS2;3.0;1
SESS-10592;2026-08-05 12:38:00;USR-1645;15;PS5;3;0;750;Card;Valorant;3.0;0
SESS-15144;2026-08-18 20:50:00;USR-1468;32;Standard;1;120;90;Card;GTA V;4.0;1
SESS-14262;2026-08-12 16:07:00;USR-1423;17;Standard;3;360;300;Cash;Dota 2;4.5;0
SESS-15938;2026-08-13 17:46:00;USR-1641;34;Bootcamp;2;410;300;App;CS2;4.0;0
SESS-17112;2026-08-05 08:01:00;USR-1241;14;Standard;2;0;200;Card;Dota 2;4.0;0
SESS-14173;2026-08-16 18:22:00;USR-1055;24;Bootcamp;1;330;150 руб.;Card;Valorant;4.0;0
SESS-10131;2026-08-04 04:59:00;USR-1649;16;Standard;3;0;270;Card;Apex Legends;4.5;1
SESS-13887;2026-08-01 07:44:00;USR-1619;17;Standard;2;400;180;App;CS2;2.0;1
SESS-11608;2026-08-10 05:05:00;USR-1150;27;Standard;3;0;270;Card;Valorant;2.0;1
SESS-15846;2026-08-04 07:32:00;USR-1377;24;Bootcamp;1;0;135;Cash;Cyberpunk 2077;4.0;1
SESS-13979;2026-08-01 12:38:00;USR-1021;14;Standard;4;200;400;App;CS2;2.0;0
SESS-13150;2026-08-29 15:55:00;USR-1337;21;Standard;1;0;100;App;CS2;4.5;0
SESS-13049;2026-08-28 15:00:00;USR-1115;32;Standard;2;240;180;Card;Minecraft;4.5;1
SESS-10624;2026-08-22 21:44:00;USR-1517;24;Standard;1;0;100;Card;Apex Legends;4.5;0
SESS-15489;2026-08-12 14:13:00;USR-1656;35;Standard;1;200;90;Card;CS2;5.0;1
SESS-13295;2026-08-31 10:32:00;USR-1044;17;Standard;3;0;300;Card;CS2;5.0;0
SESS-16361;2026-08-26 05:20:00;USR-1324;14;Standard;8;0;800;Card;PUBG;3.0;0
SESS-11870;2026-08-11 21:32:00;USR-1156;45;Standard;2;400;200;Cash;CS2;5.0;0
SESS-14872;2026-08-13 07:51:00;USR-1199;26;Bootcamp;1;330;135;App;Apex Legends;4.5;1
SESS-14198;2026-08-25 18:19:00;USR-1722;20;Standard;4;0;400;Card;CS2;4.5;0
SESS-11372;2026-08-27 13:08:00;USR-1257;26;VIP;2;410;400;Card;Minecraft;4.0;0
SESS-10756;2026-08-25 12:15:00;USR-1521;20;PS5;2 ч.;100;500;App;Valorant;5.0;0
SESS-13875;2026-08-05 13:59:00;USR-1021;14;Bootcamp;1;180;150;Card;Apex Legends;4.5;0
SESS-12519;2026-08-13 01:40:00;USR-1013;22;Standard;1;120;100;;Valorant;4.5;0
SESS-15446;2026-08-12 20:10:00;USR-1598;16;VIP;1;0;180;Card;CS2;5.0;1
SESS-17156;2026-08-19 12:36:00;USR-1123;14;Standard;2;0;200;Cash;Dota 2;5.0;0
SESS-10093;2026-08-19 14:39:00;USR-1787;17;Standard;3;0;300;App;Minecraft;3.0;0
SESS-15858;2026-08-28 01:23:00;USR-1392;15;Bootcamp;1;0;150;Card;Apex Legends;4.5;0
SESS-15773;2026-08-18 00:11:00;USR-1771;21;Standard;3;0;270;Card;CS2;4.5;1
SESS-15546;2026-08-17 22:59:00;USR-1332;17;PS5;3;0;750;Cash;CS2;4.5;0
SESS-16611;2026-08-28 08:06:00;USR-1762;22;Standard;2;0;200;Card;Dota 2;4.5;0
SESS-16225;2026-08-08 16:03:00;USR-1468;32;PS5;3;150;675;Card;Valorant;5.0;1
SESS-16795;2026-08-10 04:40:00;USR-1556;18;;Bootcamp;2;0;Card;Dota 2;4.0;0
SESS-16296;2026-08-02 12:19:00;USR-1051;23;PS5;3;150;675;Card;Deadlock;5.0;1
SESS-12680;2026-08-22 23:06:00;USR-1007;17;Standard;4;800;400;Cash;Dota 2;3.0;0
SESS-15363;2026-08-24 14:41:00;USR-1642;19; standard ;2;160;180;Card;Dota 2;3.0;1
SESS-15033;2026-08-01 02:20:00;USR-1208;14;PS5;1;0;225;Card;Valorant;3.0;1
SESS-17176;2026-08-02 00:35:00;USR-1418;16;VIP;2;0;400;Card;PUBG;4.5;0
SESS-10764;2026-08-27 08:44:00;USR-1101;18;Standard;2;400;200;Card;Valorant;4.0;0
SESS-14307;2026-08-14 12:26:00;USR-1690;24;PS5;2;400;500;Card;Valorant;4.5;0
SESS-16566;2026-08-23 13:08:00;USR-1487;16;Standard;4;0;400;App;Cyberpunk 2077;4.0;0
SESS-10476;2026-08-19 23:55:00;USR-1464;18;Standard;8;400;720;Card;Valorant;4.0;1
SESS-15628;2026-08-12 14:06:00;USR-1739;28;Bootcamp;4;900;600;Card;Dota 2;3.0;0
SESS-11287;2026-08-31 12:26:00;USR-1207;17;PS5;2;240;500;Card;Dota 2;4.0;0
SESS-15405;2026-08-07 12:15:00;USR-1684;29;Standard;2;100;200;Card;CS2;5.0;0
SESS-14556;2026-08-22 02:26:00;USR-1441;21;Standard;1 ч.;0;100;Card;Cyberpunk 2077;3.0;0
SESS-14726;2026-08-22 04:55:00;USR-1544;19;Standard;2;160;200;Card;CS2;4.0;0
SESS-11632;2026-08-17 14:36:00;USR-1552;30;Standard;2;0;180;Card;Valorant;5.0;1
SESS-15077;2026-08-06 14:08:00;USR-1707;20;PS5;1;0;250;App;CS2;4.0;0
SESS-11893;2026-08-13 09:41:00;USR-1691;22;PS5;2;0;500;App;Valorant;3.0;0
SESS-11017;2026-08-24 11:31:00;USR-1119;19;PS5;2;240;450;Cash;Minecraft;4.5;1
SESS-10445;2026-08-07 03:33:00;USR-1568;21;VIP;2;490;400;App;Minecraft;4.0;0
SESS-17116;2026-08-05 15:49:00;USR-1527;17;Bootcamp;3;490;450;Card;CS2;4.5;0
SESS-11042;2026-08-09 03:37:00;USR-1216;20;Standard;4;480;400;Card;CS2;3.0;0
SESS-16431;2026-08-02 12:55:00;USR-1736;23;Standard;2;100;180;App;Dota 2;5.0;1
SESS-10752;2026-08-18 03:37:00;USR-1126;33;Standard;2;100;200;Card;Minecraft;1.0;0
SESS-14906;2026-08-12 08:31:00;USR-1551;15;Standard;3;0;270;Cash;CS2;5.0;1
SESS-15724;2026-08-09 15:18:00;USR-1547;23;Standard;2;240;200;Cash;Dota 2;5.0;0
SESS-12970;10.08.2026;USR-1497;14;PS5;1;0;250;App;Dota 2;5.0;0
SESS-10927;2026-08-29 16:19:00;USR-1015;23;PS5;3;360;750;App;Valorant;2.0;0
SESS-13248;2026-08-29 00:10:00;USR-1730;25;Standard;5;0;500;Card;CS2;4.0;0
SESS-10351;2026-08-24 21:34:00;USR-1759;20;Standard;3;0;300;Card;Deadlock;4.5;0
SESS-10487;2026-08-15 19:06:00;USR-1387;25;;Standard;3;240;App;CS2;3.0;0
SESS-14941;2026-08-17 10:54:00;USR-1211;26;PS5;2;0;500;Card;PUBG;4.5;0
SESS-10865;2026-08-11 18:35:00;USR-1316;35;Bootcamp;5;0;750;Card;PUBG;4.5;0
SESS-13165;2026-08-30 17:35:00;USR-1721;20;Standard;1;200;90;App;CS2;4.0;1
SESS-16456;2026-08-15 02:02:00;USR-1714;18; standard ;3;0;300;Card;CS2;4.0;0
SESS-11618;2026-08-17 18:03:00;USR-1404;15;Standard;1;200;90;Cash;Minecraft;5.0;1
SESS-13751;2026-08-31 20:01:00;USR-1787;17;Standard;4;0;400;Card;Valorant;5.0;0
SESS-11046;2026-08-19 13:28:00;USR-1221;22;PS5;1;120;250;Card;CS2;4.0;0
SESS-15740;2026-08-05 15:28:00;USR-1495;16;Bootcamp;5;350;750;App;Valorant;4.0;0
SESS-15965;2026-08-09 23:19:00;USR-1428;3;Standard;999;120;100;Card;Dota 2;5.0;0
SESS-16013;2026-08-13 21:02:00;USR-1080;29;Standard;2;0;200;Card;Apex Legends;5.0;0
SESS-13337;2026-08-24 17:28:00;USR-1651;18;Standard;5;400;500;Card;Dota 2;5.0;0
SESS-10561;2026-08-13 13:30:00;USR-1699;29;Standard;5;250;500;Card;Dota 2;4.5;0
SESS-13039;2026-08-30 09:17:00;USR-1175;25;Standard;3;0;300;Card;Dota 2;4.5;0
SESS-15668;2026-08-11 22:43:00;USR-1393;35;Standard;3;600;300;App;CS2;5.0;0
SESS-11407;2026-08-14 10:17:00;USR-1327;29;VIP;12;0;2160;App;CS2;2.0;1
SESS-14817;2026-08-08 07:28:00;USR-1523;22;Standard;1;0;100;App;Valorant;4.5;0
SESS-10334;2026-08-29 10:19:00;USR-1601;27;Standard;1;0;100;App;Minecraft;4.5;0
SESS-14159;2026-08-31 13:05:00;USR-1376;16;VIP;3;0;600;Card;Deadlock;3.0;0
SESS-14885;2026-08-11 13:46:00;USR-1018;26;Bootcamp;3;0;450;Card;Dota 2;5.0;0
SESS-11912;2026-08-20 20:16:00;USR-1391;20;PS5;1;0;250;App;Dota 2;4.0;0
SESS-12641;2026-08-14 18:34:00;USR-1460;28;Standard;4;0;400;Card;Dota 2;4.0;0
SESS-14292;2026-08-04 05:42:00;USR-1214;25;Standard;3;150;270;App;Dota 2;4.5;1
SESS-12057;2026-08-24 12:07:00;USR-1024;140;Bootcamp;999;0;750;Card;Deadlock;4.0;0
SESS-12732;2026-08-17 02:53:00;USR-1645;15;Bootcamp;3;0;450;Card;Dota 2;5.0;0
SESS-17090;2026-08-11 08:26:00;USR-1647;27;Bootcamp;1;220;135;Card;CS2;5.0;1
SESS-15459;2026-08-19 05:58:00;USR-1055;24;VIP;5;0;900;App;CS2;1.0;1
SESS-12638;2026-08-10 15:42:00;USR-1424;20;PS5;2;0;500;Cash;GTA V;4.5;0
SESS-13570;2026-08-27 14:35:00;USR-1049;29;Standard;2;160;180;Card;Minecraft;2.0;1
SESS-14999;2026-08-28 05:51:00;USR-1199;26;Standard;3;600;300;App;Apex Legends;5.0;0
SESS-13001;2026-08-27 17:08:00;USR-1289;14;VIP;1;0;200;Card;CS2;5.0;0
SESS-15221;08/13/26;USR-1549;19;VIP;1;330;200;App;CS2;4.5;0
SESS-11103;2026-08-01 15:29:00;USR-1084;23;Standard;3;0;270;Card;Apex Legends;4.5;1
SESS-11370;2026-08-21 11:18:00;USR-1415;20;VIP;1;0;200;App;Dota 2;4.0;0
SESS-11882;2026-08-27 10:34:00;USR-1101;18;Bootcamp;8;0;1200;App;Valorant;4.5;0
SESS-15433;2026-08-24 01:10:00;USR-1527;17;Standard;3;600;270;App;GTA V;4.0;1
SESS-14291;2026-08-12 07:26:00;USR-1567;26;VIP;3;0;600;Card;PUBG;4.0;0
SESS-10842;2026-08-20 05:07:00;USR-1481;32;Standard;12;0;1200;App;Browser/Work;5.0;0
SESS-11586;2026-08-09 01:44:00;USR-1722;20;Bootcamp;2;0;300;Card;Minecraft;3.0;0
SESS-16139;2026-08-01 12:55:00;USR-1049;29;Standard;1;200;100;Card;CS2;4.0;0
SESS-14342;2026-08-30 10:18:00;USR-1012;34;PS5;3;0;750;Card;Valorant;4.0;0
SESS-14697;2026-08-29 01:07:00;USR-1129;34;Standard;3;0;300;App;Deadlock;5.0;0
SESS-11934;2026-08-04 19:24:00;USR-1559;18;Standard;1;0;90;Card;CS2;4.5;1
SESS-15928;2026-08-04 09:35:00;USR-1618;30;Standard;1;120;100;Cash;Dota 2;3.0;0
SESS-16161;2026-08-30 22:07:00;USR-1256;21;Bootcamp;4;0;600;Cash;Valorant;4.5;0
SESS-16517;2026-08-07 18:37:00;USR-1080;29;Standard;1;0;100;Card;Minecraft;3.0;0
SESS-10378;2026-08-10 04:29:00;USR-1713;25;Standard;12;0;1200;Card;CS2;5.0;0
SESS-15078;2026-08-28 14:53:00;USR-1056;20;;Bootcamp;2;200;App;CS2;4.0;0
SESS-15430;2026-08-16 01:44:00;USR-1081;34;Standard;3;0;300;Card;Apex Legends;5.0;0
SESS-13132;2026-08-19 07:26:00;USR-1721;20;VIP;1;0;200;App;GTA V;1.0;0
SESS-16705;2026-08-12 08:52:00;USR-1121;21;PS5;2;0;500;Card;Dota 2;4.5;0
SESS-16973;2026-08-27 21:24:00;USR-1633;14;Bootcamp;1;0;150;App;Dota 2;4.0;0
SESS-15862;2026-08-07 11:25:00;USR-1384;19;Bootcamp;5;0;750;App;Dota 2;4.0;0
SESS-12446;2026-08-30 05:31:00;USR-1689;27;Standard;1;0;100;Card;CS2;2.0;0
;2026-08-29 08:47:00;;19;Bootcamp;2;0;300;App;Deadlock;4.0;0
SESS-12453;2026-08-25 01:31:00;USR-1241;14;VIP;4;0;800;Card;Deadlock;5.0;0
SESS-16567;2026-08-19 08:44:00;USR-1793;18;Bootcamp;1;0;150;Card;Valorant;2.0;0
SESS-13734;2026-08-24 13:42:00;USR-1109;22;Standard;3;0;270;Cash;CS2;4.0;1
SESS-13352;2026-08-26 08:35:00;USR-1650;16;Standard;2;160;180;App;Valorant;4.0;1
SESS-12605;2026-08-12 01:10:00;USR-1694;18;Standard;8;0;800;App;CS2;4.0;0
SESS-13027;2026-08-07 15:58:00;USR-1744;33;Standard;3;150;270;Cash;Dota 2;2.0;1
SESS-13617;2026-08-16 13:12:00;USR-1443;14;Standard;2;0;200;Card;Cyberpunk 2077;4.0;0
SESS-13781;2026-08-19 23:48:00;USR-1368;18;PS5;12;0;3000;App;CS2;5.0;0
SESS-15086;2026-08-06 07:37:00;USR-1664;15;Bootcamp;3;0;450;Card;Minecraft;4.0;0
SESS-16204;2026-08-17 14:48:00;USR-1022;20;Bootcamp;1;300;150;Cash;Minecraft;3.0;0
SESS-14584;2026-08-26 12:22:00;USR-1593;20;VIP;2;0;400;Card;Browser/Work;2.0;0
SESS-15195;2026-08-26 05:56:00;USR-1716;24;Bootcamp;3;340;450;Card;Cyberpunk 2077;5.0;0
SESS-10547;2026-08-08 02:33:00;USR-1699;29;VIP;1;0;200;Card;Dota 2;3.0;0
SESS-14890;2026-08-25 09:12:00;USR-1779;30;Standard;2;100;200;Card;Dota 2;4.0;0
SESS-13315;2026-08-21 10:16:00;USR-1769;15;Standard;1;50;90;Card;Valorant;5.0;1
SESS-12470;2026-08-07 21:07:00;USR-1319;19;Bootcamp;2;0;300 ₽;Card;Valorant;4.5;0
SESS-10172;2026-08-23 18:18:00;USR-1242;15;Standard;3;150;300;Card;Minecraft;4.0;0
SESS-16211;2026-08-25 16:37:00;USR-1229;20;PS5;2;240;500;Cash;Dota 2;4.0;0
SESS-13540;2026-08-07 04:11:00;USR-1720;27;Standard;1;0;100;Card;CS2;5.0;0
SESS-14706;2026-08-16 15:00:00;USR-1385;18;Standard;3;360;300;Card;Dota 2;3.0;0
SESS-11543;2026-08-27 02:46:00;USR-1281;20;PS5;5;600;1250;App;Dota 2;4.0;0
SESS-13464;2026-08-28 17:56:00;USR-1598;16;Standard;5;600;450;Card;Dota 2;4.5;1
SESS-15310;2026-08-09 16:25:00;USR-1522;22;Bootcamp;1;370;150;App;CS2;4.5;0
SESS-14988;2026-08-24 20:45:00;USR-1135;36;Bootcamp;2;0;300;App;Valorant;5.0;0
SESS-12517;2026-08-27 03:53:00;USR-1182;16;Bootcamp;2;410;300;App;CS2;4.0;0
SESS-12417;2026-08-09 22:12:00;USR-1184;23;Bootcamp;2;0;270;App;CS2;4.5;1
SESS-13934;2026-08-06 13:02:00;USR-1220;22;VIP;4;0;800;Card;PUBG;4.0;0
SESS-16263;2026-08-31 23:33:00;USR-1327;29;PS5;3;0;750;Card;CS2;5.0;0
SESS-12464;2026-08-06 21:07:00;USR-1766;33;Standard;3;0;300;Card;Dota 2;4.5;0
SESS-11038;2026-08-26 23:24:00;USR-1442;22;Standard;5;250;500;Card;Apex Legends;4.5;0
SESS-10323;2026-08-19 20:26:00;USR-1477;21;Standard;8;0;800;Card;CS2;5.0;0
SESS-13624;2026-08-09 15:28:00;USR-1603;14;VIP;2;0;400;App;Dota 2;3.0;0
SESS-11820;2026-08-08 06:58:00;USR-1566;14;VIP;3;0;600;Card;Dota 2;5.0;0
SESS-13948;2026-08-06 23:51:00;USR-1351;24;Standard;2;100;200;App;CS2;4.0;0
SESS-16134;2026-08-31 17:51:00;USR-1057;32;Bootcamp;5;0;750;Card;PUBG;4.0;0
SESS-12656;2026-08-17 04:13:00;USR-1057;32;Bootcamp;1;150;150;App;Minecraft;3.0;0
SESS-13755;2026-08-24 11:14:00;USR-1790;23;Standard;1;80;90;App;CS2;4.5;1
SESS-10324;2026-08-11 22:26:00;USR-1283;33;PS5;3;240;750;Card;CS2;4.0;0
SESS-16511;2026-08-29 14:58:00;USR-1726;29;Standard;3;600;300;Card;Apex Legends;5.0;0
SESS-13550;2026-08-21 17:07:00;USR-1064;19;;Bootcamp;2;340;Card;Dota 2;4.0;0
SESS-14270;2026-08-12 09:09:00;USR-1069;16;Bootcamp;4;1050;600;Card;Valorant;4.0;0
SESS-16301;2026-08-11 14:58:00;USR-1223;24;Standard;2;0;200;Card;Apex Legends;3.0;0
SESS-15400;2026-08-21 12:23:00;USR-1479;18;PS5;1;0;250;Card;Valorant;4.0;0
SESS-15547;2026-08-12 20:29:00;USR-1498;24;Bootcamp;1;370;135;Card;CS2;4.5;1
SESS-12484;2026-08-05 19:30:00;USR-1785;26;VIP;2;0;360;Card;Browser/Work;4.5;1
SESS-13704;2026-08-07 19:36:00;USR-1449;17;Bootcamp;3;0;450;Cash;Minecraft;4.0;0
SESS-15167;2026-08-04 05:15:00;USR-1581;18;Bootcamp;2;490;300;Card;Valorant;4.5;0
SESS-10208;2026-08-08 10:03:00;USR-1262;27;Bootcamp;1;450;150;Cash;CS2;4.0;0
SESS-10747;2026-08-22 19:05:00;USR-1308;15;VIP;3;340;540;Card;Minecraft;5.0;1
SESS-13621;2026-08-07 03:12:00;USR-1276;36;Bootcamp;1;0;150;App;CS2;2.0;0
SESS-10798;2026-08-15 08:57:00;USR-1162;32;Standard;3;360;300;Card;CS2;4.5;0
SESS-10088;2026-08-24 02:21:00;USR-1322;36;VIP;1;0;200;App;Dota 2;4.0;0
SESS-10734;2026-08-28 14:10:00;USR-1112;15;VIP;3;0;600;Card;CS2;4.5;0
SESS-15814;2026-08-03 13:24:00;USR-1332;17;Standard;1;0;100;Card;Dota 2;5.0;0
SESS-12404;2026-08-22 18:26:00;USR-1397;24;VIP;4;1050;720;App;Dota 2;4.5;1
SESS-16903;2026-08-14 16:06:00;USR-1072;15;;Standard;1;0;App;CS2;3.0;0
SESS-14874;2026-08-08 02:02:00;USR-1328;23;VIP;4;300;720;Card;Valorant;4.0;1
SESS-10198;2026-08-19 01:25:00;USR-1160;14;Standard;2;0;180;Card;CS2;5.0;1
SESS-12283;2026-08-01 06:41:00;USR-1301;23;Standard;4;0;400;Card;CS2;4.5;0
SESS-15648;2026-08-17 04:33:00;USR-1710;16;VIP;1;300;200;Card;CS2;4.5;0
SESS-11097;2026-08-22 09:28:00;USR-1324;14;Standard;12;0;1200;Card;Dota 2;5.0;0
SESS-10548;2026-08-23 15:51:00;USR-1081;34;PS5;4;320;1000;;CS2;5.0;0
SESS-17237;2026-08-26 03:28:00;USR-1521;20;PS5;1;0;225;Card;Dota 2;4.0;1
SESS-15202;2026-08-17 13:58:00;USR-1681;27;VIP;5;0;1000;Card;CS2;4.0;0
SESS-12890;2026-08-20 14:23:00;USR-1610;22;Standard;3;0;300;Card;CS2;4.0;0
SESS-12760;2026-08-11 12:47:00;USR-1062;22;Standard;12;600;1200;Card;CS2;3.0;0
SESS-14692;2026-08-14 13:13:00;USR-1233;31;Bootcamp;1;0;150;Card;Valorant;3.0;0
SESS-13320;2026-08-08 11:18:00;USR-1691;22;Standard;1;120;100;Card;Dota 2;3.0;0
SESS-13366;2026-08-02 19:06:00;USR-1491;14;Standard;1;50;100;Card;CS2;4.0;0
SESS-11142;2026-08-26 22:30:00;USR-1031;24;Bootcamp;2;490;270;App;Minecraft;4.5;1
SESS-15067;23.08.2026;USR-1748;25;Standard;8;0;800;Card;Dota 2;4.0;0
SESS-14856;2026-08-03 14:41:00;USR-1180;17;Standard;2;400;200;Card;Valorant;5.0;0
SESS-16883;2026-08-18 16:47:00;USR-1144;14;Standard;1;200;100;Card;Dota 2;5.0;0
SESS-16339;2026-08-26 21:58:00;USR-1265;14;Standard;2;0;200;App;CS2;5.0;0
SESS-10937;2026-08-26 15:04:00;USR-1469;24;PS5;2;100;500;Card;CS2;2.0;0
;2026-08-23 02:47:00;;25;Standard;1;0;100;Card;Minecraft;4.0;0
SESS-12859;2026-08-12 15:35:00;USR-1532;27;Standard;3;150;300;App;CS2;4.0;0
SESS-16350;2026-08-25 11:26:00;USR-1635;3;VIP;-2;0;600;App;CS2;4.5;0
SESS-14489;2026-08-14 02:05:00;USR-1636;16;VIP;2;0;400;Card;Valorant;2.0;0
SESS-13542;2026-08-17 08:21:00;USR-1628;14;Standard;8;960;720;Card;CS2;4.0;1
SESS-14955;2026-08-08 03:42:00;USR-1539;24;Standard;~4;0;400;Card;Dota 2;4.5;0
SESS-12301;2026-08-10 19:17:00;USR-1019;22;Standard;3;0;300;Card;Dota 2;4.5;0
SESS-13034;2026-08-21 20:48:00;USR-1525;20;Standard;1;0;100;;Valorant;3.0;0
SESS-15666;2026-08-07 08:43:00;USR-1581;18;Bootcamp;4;0;600;Card;Valorant;5.0;0
SESS-13135;2026-08-28 04:00:00;USR-1375;22;Standard;1;50;90;Cash;Dota 2;3.0;1
SESS-10620;2026-08-14 19:58:00;USR-1081;34;Standard;3;0;300;Card;Dota 2;4.5;0
SESS-17100;2026-08-19 03:32:00;USR-1435;18;Standard;1;0;100;Card;Dota 2;4.5;0
;2026-08-20 00:04:00;;19;Bootcamp;2;350;300;Card;CS2;3.0;0
SESS-11322;2026-08-30 17:08:00;USR-1103;20;Standard;4;0;400;Card;Dota 2;5.0;0
SESS-10478;2026-08-04 14:51:00;USR-1745;18;VIP;1;0;180;App;Apex Legends;4.0;1
SESS-12166;2026-08-12 05:37:00;USR-1515;21;VIP;4;450;800;Card;Deadlock;4.0;0
SESS-15018;2026-08-16 15:26:00;USR-1487;16;Standard;1;200;100;Card;Browser/Work;4.0;0
SESS-15402;2026-08-12 01:22:00;USR-1079;21;Standard;2;0;180;Card;Dota 2;4.5;1
SESS-16398;2026-08-17 21:27:00;USR-1312;25;VIP;1;0;200;App;GTA V;3.0;0
SESS-14152;2026-08-20 05:03:00;USR-1369;20;Standard;1;0;100;App;Dota 2;4.0;0
SESS-17187;2026-08-04 19:36:00;USR-1729;17;Standard;3;0;300;Card;Dota 2;4.5;0
SESS-11033;2026-08-31 16:44:00;USR-1572;15;Standard;1;200;100;Card;Dota 2;5.0;0
SESS-12029;2026-08-15 12:23:00;USR-1245;19;Bootcamp;3;490;450;App;CS2;4.5;0
SESS-10286;2026-08-12 17:48:00;USR-1056;20;VIP;3;340;600;Card;CS2;4.0;0
SESS-10550;2026-08-29 08:55:00;USR-1592;20;VIP;1;450;180;App;Dota 2;4.5;1
SESS-16623;2026-08-10 00:17:00;USR-1251;14;;VIP;5;0;Card;Minecraft;4.0;1
SESS-13801;2026-08-12 03:03:00;USR-1713;25;VIP;2;0;400;Card;Dota 2;4.0;0
SESS-12676;2026-08-28 17:55:00;USR-1354;15;Bootcamp;2;350;300;Card;Valorant;3.0;0
SESS-15184;2026-08-08 04:01:00;USR-1200;14;Standard;3;0;300;Card;CS2;3.0;0
SESS-16255;2026-08-22 21:34:00;USR-1584;14;Standard;4;0;400;Card;CS2;5.0;0
SESS-14591;2026-08-18 18:51:00;USR-1475;26;Standard;5;600;500;Card;CS2;3.0;0
SESS-14126;2026-08-03 02:31:00;USR-1461;27;VIP;4;570;800;Card;Apex Legends;5.0;0
SESS-14222;2026-08-17 18:03:00;USR-1734;29;Standard;2;0;200;Card;CS2;4.5;0
SESS-15871;2026-08-20 11:33:00;USR-1542;23;Bootcamp;1;220;150;App;Dota 2;5.0;0
SESS-13176;2026-08-11 13:09:00;USR-1231;27;VIP;4;0;720;App;CS2;4.0;1
SESS-12398;2026-08-25 06:15:00;USR-1118;14;Standard;2;0;200;Card;CS2;4.0;0
SESS-16461;2026-08-27 02:15:00;USR-1032;16;Standard;1;0;100;Cash;Dota 2;5.0;0
SESS-11438;2026-08-25 23:01:00;USR-1274;14;Standard;1;120;100;Card;CS2;5.0;0
SESS-16120;2026-08-20 13:14:00;USR-1403;21;VIP;1;0;200;App;CS2;4.0;0
SESS-11858;2026-08-21 15:27:00;USR-1729;17;Standard;4;200;400;Cash;Minecraft;4.5;0
SESS-12206;2026-08-01 12:15:00;USR-1449;17;Bootcamp;12;850;1800;Card;Minecraft;5.0;0
SESS-14750;2026-08-22 01:58:00;USR-1616;26;Standard;5;1000;500;Card;PUBG;4.0;0
SESS-13504;2026-08-15 01:42:00;USR-1361;20;Bootcamp;2;0;300;App;CS2;2.0;0
SESS-13154;2026-08-03 15:18:00;USR-1057;32;Standard;1;0;100;Card;Deadlock;4.5;0
SESS-12586;2026-08-12 22:15:00;USR-1738;37;Standard;2;0;200;Card;CS2;4.0;0
SESS-15617;2026-08-21 20:28:00;USR-1022;20;Standard;2;240;200;Card;CS2;5.0;0
SESS-16302;2026-08-08 23:55:00;USR-1431;26;PS5;2;400;500;Card;Dota 2;4.5;0
SESS-10701;2026-08-05 17:30:00;USR-1224;42;VIP;1;150;200;Card;CS2;4.0;0
SESS-15349;2026-08-25 11:41:00;USR-1461;27;Standard;2;0;200;Card;Dota 2;4.0;0
SESS-16676;2026-08-08 03:01:00;USR-1044;17;Standard;4;200;400;Card;Dota 2;3.0;0
SESS-14231;2026-08-04 17:22:00;USR-1125;30;Standard;3;150;300;App;Dota 2;1.0;0
SESS-15123;2026-08-21 08:42:00;USR-1316;35;Bootcamp;12;700;1800;Card;Dota 2;3.0;0
SESS-15636;2026-08-28 12:43:00;USR-1052;15;Bootcamp;1;150;135;Card;Minecraft;4.0;1
SESS-10833;2026-08-07 13:03:00;USR-1182;16;Standard;2;0;200;;Dota 2;4.5;0
SESS-11515;2026-08-31 05:22:00;USR-1568;21;Standard;1;0;100;Card;Dota 2;4.0;0
SESS-14248;2026-08-11 16:11:00;USR-1241;14;Standard;3;0;270;App;CS2;4.0;1
SESS-10549;2026-08-25 07:11:00;USR-1484;24;PS5;3;240;750;Card;CS2;5.0;0
SESS-11020;2026-08-20 05:05:00;USR-1327;29;Standard;8 часа;0;800;App;CS2;4.5;0
;2026-08-16 05:01:00;USR-1568;21;PS5;3;0;750;Card;Valorant;4.5;0
SESS-15688;2026-08-30 01:41:00;USR-1597;25;VIP;1;0;200;Card;Valorant;5.0;0
SESS-10296;2026-08-26 14:05:00;USR-1501;16; Bootcamp ;3;0;450;Card;CS2;4.0;0
SESS-12963;2026-08-27 17:37:00;USR-1386;21;Bootcamp;8;0;1200;Card;CS2;4.0;0
SESS-15694;2026-08-15 00:11:00;USR-1303;27;Standard;3;0;300;Card;Deadlock;4.0;0
SESS-15659;2026-08-03 08:52:00;USR-1468;32;Bootcamp;2;0;300;App;CS2;5.0;0
SESS-13477;2026-08-09 16:35:00;USR-1783;14;PS5;5;0;1250;Card;Dota 2;3.0;0
SESS-10100;2026-08-03 03:19:00;USR-1555;22;Bootcamp;2;0;300;Card;CS2;5.0;0
SESS-15650;2026-08-29 20:43:00;USR-1328;23;Bootcamp;4;900;600;Card;CS2;3.0;0
SESS-13409;2026-08-08 16:51:00;USR-1405;23;Bootcamp;1;0;150;App;Minecraft;5.0;0
SESS-12550;2026-08-05 04:28:00;USR-1030;18;Bootcamp;2;0;300 ₽;Card;Dota 2;4.5;0
SESS-16826;2026-08-28 20:18:00;USR-1647;27;Standard;2;400;200;Card;Deadlock;4.5;0
SESS-15914;2026-08-05 14:21:00;USR-1503;19;Standard;2;0;200;Card;CS2;2.0;0
SESS-16171;2026-08-11 17:30:00;USR-1762;22;PS5;12;600;2700;App;CS2;4.5;1
SESS-12941;2026-08-05 16:29:00;USR-1101;18;VIP;8;0;1440;App;Valorant;4.0;1
SESS-14194;2026-08-06 21:07:00;USR-1716;24;Standard;12;1440;1200;Card;CS2;5.0;0
SESS-15245;2026-08-26 00:06:00;USR-1300;21;Standard;12;960;1200;Card;CS2;4.0;0
SESS-10346;2026-08-08 02:32:00;USR-1793;18;Bootcamp;3;0;450;Cash;Minecraft;4.5;0
SESS-11880;2026-08-11 14:27:00;USR-1634;28;Standard;2;0;200;Card;CS2;5.0;0
SESS-11840;2026-08-15 13:00:00;USR-1613;20;Standard;2;100;200;Card;Minecraft;2.0;0
SESS-11747;2026-08-18 07:38:00;USR-1775;32;PS5;2;100;500;Cash;Dota 2;4.0;0
SESS-10681;2026-08-06 20:42:00;USR-1782;23;Standard;3;600;300;Card;CS2;5.0;0
SESS-11554;2026-08-21 23:38:00;USR-1400;15;PS5;2;400;500;Card;Dota 2;4.5;0
SESS-12981;2026-08-09 17:38:00;USR-1245;19;Standard;2;0;200;App;Minecraft;3.0;0
SESS-15367;2026-08-14 07:57:00;USR-1550;19;Bootcamp;2;0;300;Card;CS2;4.5;0
SESS-12168;2026-08-10 13:42:00;USR-1402;23;PS5;3;0;750;Cash;Valorant;4.0;0
SESS-16504;2026-08-06 19:31:00;USR-1391;20;Bootcamp;1;0;150;Card;GTA V;4.5;0
SESS-11221;2026-08-19 22:12:00;USR-1540;26;Standard;4;320;400;Card;CS2;4.5;0
SESS-14296;2026-08-05 02:06:00;USR-1653;31;Standard;1;0;100;Cash;CS2;4.0;0
SESS-11502;2026-08-29 20:03:00;USR-1662;25;VIP;1;220;200;Card;CS2;4.5;0
SESS-12922;2026-08-06 04:46:00;USR-1466;31;Bootcamp;5;0;675;Cash;Dota 2;4.0;1
SESS-11181;2026-08-06 17:34:00;USR-1334;24;VIP;2;410;400;Card;PUBG;4.0;0
SESS-15286;2026-08-27 17:23:00;USR-1700;17;Bootcamp;3;610;405;App;CS2;4.5;1
SESS-12879;2026-08-21 15:43:00;USR-1224;42;VIP;2;650;400;Card;Minecraft;4.5;0
SESS-11883;2026-08-18 20:52:00;USR-1775;32;VIP;1;0;200;Card;Dota 2;3.0;0
SESS-12617;2026-08-29 18:21:00;USR-1150;27;Bootcamp;1;0;135;Card;Dota 2;4.5;1
SESS-11669;2026-08-15 04:48:00;USR-1081;34;Standard;1;0;90;Card;CS2;1.0;1
SESS-16532;2026-08-21 18:48:00;USR-1588;19;Bootcamp;2;650;300;Card;CS2;5.0;0
SESS-17060;2026-08-03 16:31:00;USR-1787;17;VIP;5;0;900;Cash;Minecraft;4.0;1
SESS-16236;2026-08-15 06:18:00;USR-1117;17;VIP;1;0;200;Card;CS2;5.0;0
SESS-10084;2026-08-23 14:17:00;USR-1419;20;VIP;3;0;600;Card;CS2;1.0;0
SESS-15508;2026-08-15 06:38:00;USR-1329;22;Standard;1;120;100;Cash;Cyberpunk 2077;4.5;0
SESS-12498;2026-08-11 02:23:00;USR-1351;24;Standard;5;250;450;App;GTA V;3.0;1
SESS-13217;2026-08-17 18:47:00;USR-1226;38;Bootcamp;1;300;135;App;Dota 2;4.0;1
SESS-15133;2026-08-08 08:18:00;USR-1673;16;Standard;1;0;100;Card;CS2;5.0;0
SESS-13303;2026-08-04 07:16:00;USR-1199;26;Standard;1;0;90;Card;Dota 2;4.5;1
SESS-10418;2026-08-26 06:15:00;USR-1096;28;Standard;2;0;200;App;CS2;4.5;0
SESS-13767;2026-08-02 19:48:00;USR-1726;29;Bootcamp;2;0;300;Card;CS2;4.0;0
SESS-15595;2026-08-06 20:41:00;USR-1041;26;VIP;1;0;200;App;Minecraft;4.5;0
SESS-12886;2026-08-11 04:40:00;USR-1393;35;Bootcamp;4;730;600;Card;Minecraft;4.0;0
SESS-12415;2026-08-06 08:46:00;USR-1564;32;VIP;1;0;200;App;CS2;5.0;0
SESS-14660;2026-08-18 17:05:00;USR-1327;29;Standard;2;0;200;App;CS2;4.5;0
SESS-11671;2026-08-26 00:25:00;USR-1247;22;Standard;2;0;200;Card;Deadlock;4.5;0
SESS-15501;2026-08-25 01:33:00;USR-1604;18;Standard;4;0;400;App;Valorant;4.5;0
SESS-17251;2026-08-23 17:08:00;USR-1443;14;Standard;2;0;200;Card;CS2;3.0;0
SESS-16845;2026-08-19 11:07:00;USR-1658;20;PS5;1;120;250;Card;Dota 2;2.0;0
SESS-11775;2026-08-14 01:26:00;USR-1528;24;Bootcamp;2;260;300;Card;CS2;4.0;0
SESS-17111;2026-08-20 08:11:00;USR-1672;36;Standard;3;0;300;Card;CS2;3.0;0
SESS-16708;2026-08-10 20:47:00;USR-1754;20;VIP;2;0;400;Card;Deadlock;4.0;0
SESS-11149;2026-08-13 11:39:00;USR-1760;17;Bootcamp;2;650;300;Card;PUBG;5.0;0
SESS-11414;2026-08-13 06:34:00;USR-1612;31;Standard;1;0;90;Card;Dota 2;4.0;1
SESS-13305;2026-08-27 16:33:00;USR-1230;17;Standard;1;0;100;App;Minecraft;4.0;0
SESS-16300;2026-08-31 02:58:00;USR-1593;20;VIP;8;890;1440;Card;Minecraft;4.0;1
;2026-08-30 22:12:00;USR-1750;28;Standard;3;600;270;Card;PUBG;5.0;1
SESS-11665;2026-08-13 19:08:00;USR-1171;39;Standard;1;0;100;Card;Dota 2;4.0;0
SESS-13821;2026-08-24 16:11:00;USR-1766;33;Bootcamp;3;850;450;Card;CS2;5.0;0
SESS-15362;2026-08-22 12:25:00;USR-1714;18;VIP;1;300;200;Card;Valorant;4.0;0
SESS-12273;2026-08-12 16:37:00;USR-1240;21;Bootcamp;1;300;150;Card;Valorant;4.0;0
SESS-15763;2026-08-25 06:48:00;USR-1611;14;Standard;1;200;100;Card;Cyberpunk 2077;4.5;0
SESS-15787;2026-08-23 08:32:00;USR-1796;26;Standard;2;0;200;Card;Dota 2;5.0;0
SESS-16250;2026-08-13 04:57:00;USR-1742;22;Standard;2;0;180;App;CS2;4.0;1
SESS-12847;2026-08-22 03:14:00;USR-1434;21;Standard;2;160;200;Card;Dota 2;4.0;0
SESS-13651;2026-08-03 06:37:00;USR-1654;25;Bootcamp;3;850;450;Cash;Minecraft;3.0;0
SESS-11330;2026-08-24 15:41:00;USR-1306;17;Standard;4;0;360;Card;GTA V;4.0;1
SESS-10373;2026-08-17 19:24:00;USR-1591;20;Standard;12;1440;1200;Card;Dota 2;5.0;0
SESS-14326;2026-08-18 22:47:00;USR-1395;36;Bootcamp;12;700;1800;Card;Browser/Work;5.0;0
SESS-15436;2026-08-05 10:38:00;USR-1071;14;Standard;3;0;300;Card;Minecraft;3.0;0
SESS-11501;2026-08-07 16:01:00;USR-1545;25;VIP;1;0;200;Card;Dota 2;5.0;0
SESS-12112;2026-08-31 04:22:00;USR-1031;24;Standard;1;50;100;App;Cyberpunk 2077;5.0;0
SESS-16796;2026-08-09 14:59:00;USR-1170;14;Bootcamp;3;0;405;Cash;CS2;4.5;1
SESS-11760;2026-08-13 05:37:00;USR-1045;23;Standard;1;0;100;Card;Valorant;2.0;0
SESS-12908;2026-08-13 17:38:00;USR-1025;15;Bootcamp;4;900;600;App;CS2;3.0;0
SESS-17222;2026-08-26 04:11:00;USR-1494;15;Standard;1;50;100;App;Valorant;5.0;0
SESS-12031;2026-08-18 11:57:00;USR-1563;41;Standard;8;1600;800;;Dota 2;4.0;0
SESS-12753;2026-08-16 02:45:00;USR-1565;22;VIP;1;330;200;Card;CS2;4.0;0
SESS-13552;2026-08-19 12:21:00;USR-1415;20;Standard;3;360;300;Card;CS2;5.0;0
SESS-15364;2026-08-20 15:07:00;USR-1087;16;Bootcamp;3;0;450;App;CS2;4.5;0
SESS-10812;2026-08-01 23:18:00;USR-1150;27;Standard;1;0;100;Card;CS2;5.0;0
SESS-11421;2026-08-27 07:12:00;USR-1170;14;Standard;1;0;100;Card;Minecraft;5.0;0
SESS-15333;2026-08-25 09:31:00;USR-1556;18;Standard;4;0;400;App;CS2;4.0;0
SESS-11514;2026-08-04 13:17:00;USR-1754;20; Bootcamp ;3;0;270;Card;CS2;4.5;1
SESS-15641;2026-08-16 00:58:00;USR-1488;16;Standard;1;0;100;Card;CS2;4.0;0
SESS-14695;2026-08-12 03:59:00;USR-1338;22;VIP;4;0;800;Card;Valorant;5.0;0
SESS-12877;2026-08-15 01:38:00;USR-1175;140;Standard;-2;0;300;Card;CS2;4.0;0
SESS-12827;2026-08-18 15:09:00;USR-1288;16;Bootcamp;2;650;300;Card;Valorant;4.5;0
SESS-11992;2026-08-25 10:16:00;USR-1520;26;Bootcamp;1;0;150;Cash;Minecraft;4.0;0
SESS-13011;2026-08-02 03:53:00;USR-1574;20;PS5;4;0;1000 ₽;App;GTA V;4.0;0
SESS-10921;2026-08-11 09:36:00;USR-1308;15;Standard;3;360;300;Card;CS2;4.0;0
SESS-10322;2026-08-26 11:57:00;USR-1510;17;VIP;3;0;600;Card;Dota 2;4.0;0
SESS-12288;2026-08-31 12:05:00;USR-1082;32;VIP;2;650;400;Card;CS2;4.5;0
SESS-12614;2026-08-31 21:37:00;USR-1708;24;ps5;1;300;150;Card;Valorant;4.0;0
SESS-15825;2026-08-20 17:54:00;USR-1048;20;Standard;1;0;100;Card;Minecraft;4.0;0
SESS-13833;2026-08-24 01:53:00;USR-1416;29;Bootcamp;3;0;450;App;CS2;4.5;0
SESS-13770;2026-08-02 13:16:00;USR-1396;15;Standard;12 ч.;600;1200;App;CS2;2.0;0
SESS-17202;2026-08-03 23:06:00;USR-1672;36;Standard;2;240;200;App;Cyberpunk 2077;4.5;0
SESS-16406;2026-08-29 01:03:00;USR-1608;25;Bootcamp;3;850;450;Card;CS2;4.0;0
SESS-15943;2026-08-18 14:07:00;USR-1198;20;Standard;2;400;200;Card;Dota 2;4.5;0
SESS-10231;2026-08-24 06:33:00;USR-1738;37;Standard;1;200;100;App;Deadlock;4.5;0
;2026-08-18 12:04:00;USR-1413;15;VIP;1;370;180;Card;CS2;5.0;1
SESS-16328;2026-08-24 05:17:00;USR-1074;17;Standard;3;600;270;App;Valorant;4.5;1
SESS-14180;2026-08-10 18:32:00;USR-1330;18;Bootcamp;2;0;270;;Dota 2;4.0;1
SESS-11079;2026-08-13 17:55:00;USR-1114;23;Standard;3;0;300;Card;CS2;4.0;0
SESS-12481;08/01/26;USR-1785;26;Standard;2;100;200;Card;Dota 2;4.5;0
SESS-11115;2026-08-20 16:17:00;USR-1303;27;Standard;2;0;180;Card;Valorant;4.0;1
SESS-16931;2026-08-04 05:14:00;USR-1523;22;Standard;1;50;100;App;Dota 2;3.0;0
SESS-13882;2026-08-07 16:59:00;USR-1296;17;PS5;4;320;1000;App;CS2;2.0;0
SESS-14567;2026-08-15 18:05:00;USR-1657;3;Bootcamp;-2;650;1080;Card;Dota 2;2.0;1
SESS-14766;2026-08-09 00:33:00;USR-1786;24;VIP;3;700;600;Card;Dota 2;4.0;0
SESS-16988;2026-08-20 06:41:00;USR-1111;35;Standard;1;200;100;Card;GTA V;5.0;0
SESS-16996;2026-08-17 09:44:00;USR-1164;14;VIP;1;300;200;Cash;Dota 2;3.0;0
SESS-14554;2026-08-26 04:20:00;USR-1769;15;VIP;3;0;600;Cash;Deadlock;5.0;0
SESS-12221;2026-08-14 15:04:00;USR-1393;35;Standard;1;0;100;Cash;Minecraft;5.0;0
SESS-13353;2026-08-17 04:30:00;USR-1297;29;VIP;3;0;600;Card;CS2;4.0;0
SESS-15767;2026-08-10 11:21:00;USR-1406;23;PS5;2;0;500;App;CS2;4.5;0
SESS-15715;2026-08-23 23:54:00;USR-1673;16;Standard;3;0;300;App;Dota 2;2.0;0
SESS-14306;2026-08-04 20:48:00;USR-1108;33;VIP;2;410;400;Card;Valorant;4.5;0
SESS-17076;2026-08-19 08:34:00;USR-1644;22;Standard;3;150;300;App;PUBG;5.0;0
SESS-10676;2026-08-08 07:39:00;USR-1517;24;PS5;2;0;500;Card;Dota 2;3.0;0
SESS-10265;2026-08-20 17:56:00;USR-1373;16;VIP;8;0;1440;App;Apex Legends;4.5;1
SESS-10000;2026-08-15 14:18:00;USR-1597;25;Standard;8;0;800;Card;Dota 2;;0
SESS-12020;2026-08-18 10:23:00;USR-1306;17;;Standard;2;0;App;CS2;4.0;0
SESS-15097;2026-08-14 15:14:00;USR-1177;22;Bootcamp;1;0;150;Card;CS2;4.0;0
SESS-10838;2026-08-21 06:49:00;USR-1634;28;PS5;8;400;2000;Card;Deadlock;3.0;0
SESS-10014;2026-08-14 20:23:00;USR-1597;25;Standard;1;80;100;App;CS2;3.0;0
SESS-13480;2026-08-05 06:49:00;USR-1379;18;Standard;8;640;800;Card;Minecraft;5.0;0
SESS-14914;2026-08-10 01:32:00;USR-1741;25;Standard;3;150;300;Card;Cyberpunk 2077;3.0;0
SESS-14912;2026-08-28 19:25:00;USR-1228;19;Standard;2;100;200;App;Dota 2;5.0;0
SESS-10008;2026-08-28 04:21:00;USR-1699;29;Standard;2;160;200;Card;CS2;5.0;0
SESS-12771;2026-08-16 19:31:00;USR-1625;21;PS5;3;0;675;Card;CS2;5.0;1
SESS-11039;2026-08-19 01:14:00;USR-1652;27;VIP;4;580;800;Card;PUBG;5.0;0
SESS-13717;2026-08-27 15:06:00;USR-1504;23;Standard;4;200;360;Card;Dota 2;4.5;1
SESS-15678;2026-08-02 18:27:00;USR-1404;15;Bootcamp;1;450;135;Cash;Valorant;4.5;1
SESS-15153;2026-08-20 09:35:00;USR-1366;24;VIP;8;740;1600;Card;CS2;4.0;0
SESS-12892;08/16/26;USR-1313;23;Standard;8;400;800;Card;CS2;5.0;0
SESS-14072;2026-08-09 11:18:00;USR-1146;22;Standard;3;150;300;Card;Dota 2;3.0;0
SESS-10339;2026-08-22 14:33:00;USR-1522;22;Bootcamp;1;370;150;Card;Minecraft;4.5;0
;2026-08-22 09:32:00;;28;Bootcamp;3;0;450;Card;GTA V;4.0;0
SESS-13773;2026-08-08 15:44:00;USR-1381;22;VIP;1;0;200;Card;Minecraft;4.5;0
SESS-17025;2026-08-24 11:30:00;USR-1681;27;Standard;8;1600;800;Card;Valorant;4.5;0
SESS-11090;2026-08-29 01:30:00;USR-1284;22;Standard;5;600;500;Card;Deadlock;2.0;0
SESS-16936;2026-08-10 13:52:00;USR-1676;14;VIP;12;0;2160;Cash;CS2;4.0;1
SESS-12431;2026-08-24 13:07:00;USR-1093;17;PS5;4;0;1000;Card;Dota 2;4.5;0
SESS-11317;2026-08-15 17:15:00;USR-1153;22;Bootcamp;2;340;300;Card;Apex Legends;4.5;0
SESS-10622;2026-08-27 13:07:00;USR-1086;24;Standard;4;320;400;App;Valorant;5.0;0
SESS-16208;2026-08-31 04:53:00;USR-1552;30;Standard;3;0;300;Card;CS2;5.0;0
SESS-16506;2026-08-30 14:49:00;USR-1637;27;Bootcamp;1;0;150;Card;CS2;5.0;0
SESS-11593;2026-08-22 23:35:00;USR-1257;26;PS5;2;100;500;Card;Browser/Work;4.5;0
SESS-12578;2026-08-28 07:36:00;USR-1296;17;Standard;4;0;400;App;Dota 2;4.5;0
SESS-16465;2026-08-29 21:00:00;USR-1420;140;VIP;-2;300;200;Card;Browser/Work;4.0;0
SESS-15235;2026-08-27 06:03:00;USR-1164;14;Bootcamp;2;0;300;App;CS2;5.0;0
SESS-12516;2026-08-17 18:29:00;USR-1621;23;Standard;2;160;200;Cash;CS2;4.5;0
SESS-10889;2026-08-01 03:26:00;USR-1122;22;Standard;2;240;200;App;Minecraft;5.0;0
SESS-15316;2026-08-14 19:24:00;USR-1743;30;Bootcamp;4;0;540;Card;Minecraft;4.0;1
SESS-14847;2026-08-12 02:51:00;USR-1589;19;PS5;2;0;500;App;Valorant;5.0;0
SESS-13941;2026-08-25 01:56:00;USR-1048;20;Standard;1;200;90;App;Dota 2;1.0;1
SESS-10196;2026-08-26 19:43:00;USR-1459;26;VIP;4;0;800;App;Apex Legends;4.5;0
SESS-14671;2026-08-14 20:34:00;USR-1543;24;Bootcamp;2;650;300;Cash;CS2;3.0;0
SESS-13123;2026-08-26 20:47:00;USR-1436;23;Standard;1;200;100;App;Valorant;3.0;0
SESS-13231;2026-08-10 07:44:00;USR-1761;18;PS5;5;1000;1125;Card;Valorant;5.0;1
SESS-16800;2026-08-24 12:53:00;USR-1798;16;Bootcamp;4;0;600;Card;Cyberpunk 2077;5.0;0
SESS-14383;2026-08-18 11:31:00;USR-1715;21;Standard;2;400;180;App;Apex Legends;1.0;1
SESS-10432;2026-08-05 17:49:00;USR-1787;17;Standard;8;640;800;Card;Valorant;1.0;0
SESS-16159;2026-08-01 01:37:00;USR-1488;16;PS5;3;0;750;Card;Dota 2;4.0;0
;2026-08-29 10:33:00;;16;PS5;2;240;500;Card;CS2;5.0;0
SESS-11871;2026-08-07 05:30:00;USR-1784;14;Standard;5;600;500;App;CS2;4.0;0
SESS-14395;2026-08-07 12:39:00;USR-1164;14;Standard;3;360;300;Card;Dota 2;4.5;0
SESS-11108;2026-08-24 20:38:00;USR-1506;17;VIP;3;0;600;Card;Valorant;1.0;0
SESS-15288;2026-08-17 13:27:00;USR-1652;27;Standard;2;0;200;Cash;Dota 2;5.0;0
SESS-13995;2026-08-06 00:44:00;USR-1008;16;Standard;1;0;100;App;Cyberpunk 2077;3.0;0
SESS-13151;2026-08-29 18:42:00;USR-1530;21;VIP;12;1210;2400;Card;Valorant;4.0;0
SESS-14987;2026-08-09 06:23:00;USR-1717;17;VIP;3;0;600;App;CS2;4.0;0
SESS-11412;2026-08-08 03:42:00;USR-1533;26;Standard;3;600;300;Card;CS2;4.5;0
SESS-11195;2026-08-18 20:52:00;USR-1120;28;Standard;5;1000;500;Card;GTA V;5.0;0
SESS-13768;2026-08-07 09:34:00;USR-1789;20;Standard;1;120;100;;Dota 2;4.5;0
SESS-10604;2026-08-20 21:05:00;USR-1435;18;PS5;5;0;1125;Card;GTA V;4.5;1
SESS-12333;2026-08-04 10:57:00;USR-1016;14;Bootcamp;1;0;150;App;CS2;3.0;0
SESS-15955;2026-08-10 10:54:00;USR-1645;15;Standard;3;0;300;App;Deadlock;1.0;0
SESS-11219;2026-08-15 09:51:00;USR-1492;16;Bootcamp;1;0;150;Card;CS2;4.0;0
SESS-15430;2026-08-16 01:44:00;USR-1081;34;Standard;3;0;300;Card;Apex Legends;5.0;0
SESS-12182;2026-08-19 02:29:00;USR-1518;24;Bootcamp;~4;0;600;App;CS2;4.0;0
SESS-14250;2026-08-06 02:50:00;USR-1074;17;Bootcamp;1;0;150;Card;Valorant;5.0;0
SESS-14813;2026-08-30 17:09:00;USR-1508;37;Bootcamp;1;0;150;Card;Dota 2;4.5;0
SESS-16036;2026-08-04 01:56:00;USR-1527;17;Standard;2;0;200;Card;Deadlock;4.5;0
SESS-14877;2026-08-14 09:22:00;USR-1561;21;Standard;3;0;300;Card;CS2;4.0;0
SESS-16927;2026-08-23 23:11:00;USR-1102;28;Standard;2;400;200;Cash;CS2;5.0;0
SESS-11158;2026-08-13 18:01:00;USR-1302;16;VIP;3;0;600;Card;Dota 2;4.5;0
SESS-14512;2026-08-23 12:24:00;USR-1112;15;Standard;2;0;200;Card;CS2;5.0;0
SESS-15976;2026-08-12 07:17:00;USR-1615;22;Standard;8;0;800;Cash;CS2;4.5;0
SESS-15921;2026-08-29 11:18:00;USR-1372;33;Standard;4;480;400;Card;Dota 2;5.0;0
SESS-15219;2026-08-01 04:46:00;USR-1652;27;Bootcamp;5;0;750;App;Dota 2;2.0;0
SESS-12251;2026-08-02 01:04:00;USR-1670;22;Bootcamp;1;300;150;App;CS2;4.0;0
SESS-14121;2026-08-03 12:13:00;USR-1673;16;Bootcamp;5;0;750;Card;Dota 2;5.0;0
SESS-15924;2026-08-07 20:28:00;USR-1319;19;Standard;2;100;200;Cash;Dota 2;5.0;0
SESS-15974;2026-08-21 01:38:00;USR-1041;26;Standard;2;0;200;Card;Cyberpunk 2077;4.0;0
SESS-15213;2026-08-14 08:28:00;USR-1116;35;Standard;2;0;200;Card;CS2;2.0;0
SESS-12252;2026-08-23 00:05:00;USR-1060;18;VIP;1;0;200;Cash;Cyberpunk 2077;5.0;0
SESS-14340;2026-08-24 05:12:00;USR-1230;17;VIP;3;0;600;App;Valorant;4.5;0
SESS-10904;2026-08-18 04:41:00;USR-1532;27;Standard;3;0;300;App;CS2;5.0;0
SESS-17077;2026-08-20 04:29:00;USR-1170;14;Standard;3;0;300;App;Apex Legends;5.0;0
SESS-16681;2026-08-20 08:08:00;USR-1573;23;PS5;3;150;750;Card;CS2;5.0;0
SESS-15566;2026-08-25 00:10:00;USR-1241;14;Standard;2;0;200;Card;CS2;5.0;0
SESS-13703;2026-08-30 04:29:00;USR-1510;17;VIP;8;1850;1600;Card;PUBG;5.0;0
SESS-13370;2026-08-25 18:10:00;USR-1735;14;Bootcamp;3;0;450;App;Dota 2;4.5;0
SESS-11922;2026-08-31 05:03:00;USR-1726;29;VIP;2;0;400;Card;Minecraft;4.0;0
SESS-13815;2026-08-04 12:31:00;USR-1663;21;Standard;1;50;100;Card;Browser/Work;4.0;0
;2026-08-16 06:05:00;USR-1038;26;VIP;2;650;400;App;PUBG;4.5;0
SESS-15821;2026-08-12 10:04:00;USR-1733;22;Bootcamp;3;0;450;Card;Dota 2;5.0;0
SESS-15428;2026-08-09 15:11:00;USR-1640;21;Bootcamp;2;500;300;App;Dota 2;1.0;0
SESS-14462;2026-08-23 02:28:00;USR-1228;19;VIP;3;0;600;Card;Valorant;5.0;0
SESS-12126;2026-08-02 11:57:00;USR-1096;28;PS5;5;0;1125;App;Dota 2;5.0;1
SESS-13641;2026-08-23 05:05:00;USR-1179;21;Standard;2 часа;0;200;Card;Dota 2;5.0;0
SESS-12024;2026-08-21 02:53:00;USR-1402;23;Standard;2;0;200;Card;CS2;2.0;0
SESS-16334;2026-08-16 08:01:00;USR-1429;34;Standard;1;0;100;Card;Valorant;5.0;0
SESS-13497;2026-08-04 02:13:00;USR-1152;17;Standard;3;240;300;App;Dota 2;4.0;0
SESS-14011;2026-08-15 08:58:00;USR-1394;24;Standard;3;0;270;Card;CS2;4.5;1
SESS-11918;2026-08-09 08:45:00;USR-1183;22;Standard;2;0;200;App;CS2;4.0;0
SESS-10254;2026-08-15 09:17:00;USR-1345;26;Bootcamp;1;0;150;Card;CS2;4.5;0
SESS-13467;2026-08-27 12:17:00;USR-1268;26;Standard;4;200;400;Card;Dota 2;4.0;0
SESS-14560;2026-08-13 15:32:00;USR-1720;27;Standard;3 ч.;0;270;Card;CS2;5.0;1
SESS-10221;2026-08-13 04:42:00;USR-1164;14;Bootcamp;2;0;300;App;Dota 2;5.0;0
SESS-10267;2026-08-04 20:48:00;USR-1654;25;Standard;4;0;360;App;PUBG;4.5;1
SESS-10107;2026-08-08 04:01:00;USR-1673;16;Standard;1;200;100;Card;Browser/Work;5.0;0
SESS-16587;2026-08-11 16:42:00;USR-1442;22;Bootcamp;3;0;450;App;Valorant;3.0;0
SESS-11226;2026-08-31 09:44:00;USR-1518;24;Standard;2;0;200;Card;Dota 2;4.5;0
SESS-12178;2026-08-24 21:28:00;USR-1497;14;Standard;2;400;200;Card;Minecraft;5.0;0
SESS-12796;2026-08-24 03:27:00;USR-1155;16;VIP;2;350;400;App;Dota 2;3.0;0
SESS-11718;2026-08-01 02:49:00;USR-1083;16;Bootcamp;1;220;150;Card;CS2;2.0;0
SESS-11839;2026-08-25 13:11:00;USR-1611;14;Standard;2;160;180;Card;Valorant;5.0;1
SESS-11945;2026-08-17 16:47:00;USR-1483;22;Bootcamp;4;0;600;Cash;CS2;4.5;0
SESS-16429;2026-08-20 03:17:00;USR-1208;14;VIP;4;0;800;Card;CS2;5.0;0
SESS-14279;2026-08-08 11:59:00;USR-1162;32;Bootcamp;3;850;405;App;CS2;4.0;1
SESS-14962;2026-08-09 04:59:00;USR-1061;16;Standard;1;0;100;App;CS2;4.0;0
SESS-11210;2026-08-07 10:57:00;USR-1491;14;Bootcamp;2;0;300;App;Minecraft;4.5;0
SESS-11783;2026-08-14 18:26:00;USR-1766;33;VIP;~2;0;400;Card;Valorant;4.0;0
SESS-16932;2026-08-16 13:29:00;USR-1058;15;Bootcamp;4;0;600;Card;Valorant;3.0;0
SESS-11606;2026-08-16 19:12:00;USR-1447;20;Bootcamp;4;300;600;Card;CS2;5.0;0
SESS-11616;2026-08-23 14:55:00;USR-1311;20;Standard;3;360;300;Card;Dota 2;4.5;0
SESS-11835;2026-08-11 19:14:00;USR-1081;34;Standard;2;0;200;Cash;CS2;4.5;0
SESS-10376;2026-08-20 15:54:00;USR-1661;34;Standard;1;120;90;Card;Valorant;4.5;1
SESS-12306;2026-08-04 03:11:00;USR-1360;15;Standard;1;200;100;Card;CS2;4.0;0
SESS-10755;2026-08-02 16:06:00;USR-1730;25;VIP;2;0;400;Cash;Valorant;4.5;0
SESS-10291;2026-08-31 14:09:00;USR-1482;15;Bootcamp;1;370;150;Cash;Dota 2;4.5;0
SESS-15132;2026-08-18 07:50:00;USR-1151;21;Standard;1;200;100;App;Dota 2;4.0;0
SESS-16409;2026-08-10 02:07:00;USR-1219;20;Bootcamp;3;490;450;Card;Apex Legends;4.0;0
SESS-10188;2026-08-11 03:42:00;USR-1023;22;Standard;1;0;100;Card;Valorant;5.0;0
SESS-14190;2026-08-26 20:05:00;USR-1630;21;Standard;2;240;200;Card;Dota 2;3.0;0
SESS-11201;2026-08-15 11:58:00;USR-1260;21;Standard;2;0;200;Card;CS2;4.0;0
SESS-12388;2026-08-29 08:48:00;USR-1654;25;VIP;5;0;1000;App;Apex Legends;4.0;0
SESS-12836;2026-08-28 09:33:00;USR-1007;17;VIP;1;0;200;Card;Apex Legends;4.0;0
SESS-14196;2026-08-01 07:12:00;USR-1791;25;VIP;2;0;400;Card;CS2;4.0;0
SESS-15770;2026-08-28 23:53:00;USR-1177;22;VIP;8;1700;1440;App;CS2;4.0;1
SESS-10501;2026-08-31 02:48:00;USR-1518;24;Standard;2;0;180;Card;PUBG;5.0;1
SESS-11544;2026-08-23 01:02:00;USR-1220;22;Standard;3;0;300;Card;CS2;3.0;0
SESS-12955;2026-08-30 19:23:00;USR-1764;22;Standard;2;160;200;App;PUBG;5.0;0
SESS-14894;2026-08-10 21:24:00;USR-1146;22;Standard;3;0;270;App;PUBG;4.0;1
SESS-13534;2026-08-17 08:15:00;USR-1786;24;Bootcamp;4;0;600;;Dota 2;4.5;0
SESS-12984;2026-08-30 18:49:00;USR-1246;25;Bootcamp;1;0;150;Card;CS2;4.0;0
SESS-10087;2026-08-28 08:40:00;USR-1170;14;Standard;2;400;180;App;Minecraft;1.0;1
SESS-16985;2026-08-08 14:01:00;USR-1661;34;Standard;8;0;800;Card;CS2;2.0;0
SESS-10672;2026-08-04 04:14:00;USR-1416;29;PS5;8;1600;2000;App;Dota 2;5.0;0
SESS-14927;2026-08-20 01:49:00;USR-1621;23;Standard;3;360;300;Card;Dota 2;4.5;0
SESS-11539;2026-08-26 08:53:00;USR-1456;20;VIP;5;350;1000;Card;CS2;4.0;0
SESS-16581;2026-08-30 07:00:00;USR-1037;38;Standard;2;240;200;Card;Valorant;4.5;0
SESS-13806;2026-08-12 08:06:00;USR-1324;14;VIP;3;250;540;App;CS2;5.0;1
SESS-16008;2026-08-01 12:30:00;USR-1793;18;Standard;2;400;200;Card;Valorant;5.0;0
SESS-12487;2026-08-04 15:50:00;USR-1765;37;Standard;1;120;100;Card;Dota 2;;0
SESS-15911;2026-08-27 02:39:00;USR-1079;21;Bootcamp;8;0;1200;Cash;Minecraft;3.0;0
SESS-11192;2026-08-19 05:28:00;USR-1344;18;VIP;2;0;400;Card;CS2;3.0;0
SESS-17118;2026-08-30 09:35:00;USR-1772;25;VIP;3;0;600;Card;PUBG;4.5;0
SESS-14162;2026-08-03 14:53:00;USR-1510;17;VIP;4;420;800;Cash;CS2;4.5;0
SESS-10216;2026-08-23 06:33:00;USR-1663;21;Standard;3;360;300;Card;CS2;4.0;0
SESS-14845;2026-08-04 17:35:00;USR-1163;14;Bootcamp;2;410;300;App;Valorant;4.0;0
SESS-15099;2026-08-07 20:46:00;USR-1404;15; Bootcamp ;1;0;135;Card;GTA V;3.0;1
SESS-10421;2026-08-19 10:53:00;USR-1219;20;Standard;4;0;400;App;Browser/Work;2.0;0
SESS-10505;2026-08-26 21:17:00;USR-1211;26;Bootcamp;1;180;150;Card;Dota 2;5.0;0
SESS-14998;2026-08-18 06:02:00;USR-1611;14;Standard;3;0;300;App;Valorant;4.0;0
SESS-15210;2026-08-17 07:38:00;USR-1221;22;Standard;8;640;800;App;Minecraft;3.0;0
SESS-16993;2026-08-19 03:50:00;USR-1006;35;Bootcamp;1;0;150;Card;Deadlock;5.0;0
SESS-11782;2026-08-22 13:57:00;USR-1648;15;Standard;3;0;300;Card;PUBG;4.5;0
SESS-10506;2026-08-08 02:11:00;USR-1085;38;Standard;3;0;300;Card;Valorant;4.5;0
SESS-14534;2026-08-13 18:14:00;USR-1455;31;Standard;1;0;90;Card;CS2;4.5;1
SESS-14715;2026-08-27 17:38:00;USR-1673;16;Standard;1;80;100;Card;Dota 2;4.0;0
SESS-14367;2026-08-10 15:01:00;USR-1770;21;Bootcamp;3;400;450;Card;CS2;3.0;0
SESS-12669;2026-08-24 12:23:00;USR-1033;20;VIP;2;650;400;Cash;Minecraft;4.0;0
SESS-14118;2026-08-09 20:03:00;USR-1511;22;Standard;8;0;800;Card;Dota 2;5.0;0
SESS-14860;2026-08-29 18:33:00;USR-1003;140;VIP;999;490;600;Card;CS2;4.0;0
SESS-11921;2026-08-21 06:42:00;USR-1457;36;Bootcamp;1;300;150;Card;Dota 2;5.0;0
SESS-15747;2026-08-22 19:15:00;USR-1451;25;Standard;3;0;300;Card;CS2;3.0;0
SESS-13210;2026-08-11 10:50:00;USR-1409;28;Standard;3;360;300;Card;Valorant;3.0;0
SESS-16526;2026-08-17 15:46:00;USR-1332;17;VIP;3;250;600;Card;CS2;3.0;0
SESS-12851;2026-08-17 08:40:00;USR-1199;26;VIP;2;0;400;Card;CS2;1.0;0
SESS-16315;2026-08-10 19:55:00;USR-1025;15;Standard;3;0;300;Card;Minecraft;4.0;0
SESS-16743;2026-08-01 07:20:00;USR-1190;26;VIP;4;450;800;Card;Apex Legends;4.0;0
SESS-10347;2026-08-05 21:22:00;USR-1434;21;PS5;3;360;750;Card;CS2;4.5;0
SESS-16659;2026-08-26 01:08:00;USR-1734;29;Standard;3;0;300;Card;CS2;4.0;0
SESS-10333;2026-08-07 05:17:00;USR-1400;15;Standard;2;100;200;Card;Minecraft;4.0;0
SESS-14538;2026-08-16 05:02:00;USR-1168;16;Standard;2;0;200;App;CS2;4.5;0
SESS-12991;2026-08-22 04:10:00;USR-1591;20;Bootcamp;2;0;300;App;PUBG;3.0;0
SESS-11634;2026-08-15 18:38:00;USR-1739;28;Standard;4;800;400;App;Valorant;5.0;0
SESS-12344;2026-08-27 23:35:00;USR-1621;23;PS5;2;100;500;Card;CS2;3.0;0
SESS-16599;2026-08-08 18:09:00;USR-1267;16;Standard;12;0;1200;Card;CS2;4.5;0
SESS-15810;2026-08-02 17:19:00;USR-1622;23;Standard;1;0;100;Card;Minecraft;4.0;0
SESS-17067;2026-08-07 15:26:00;USR-1462;18;PS5;3;360;750;Card;Dota 2;5.0;0
SESS-15531;2026-08-27 08:48:00;USR-1181;16;Standard;3;0;300;Card;Valorant;4.0;0
SESS-12264;2026-08-19 22:44:00;USR-1616;26;Bootcamp;3;250;450;Card;CS2;3.0;0
SESS-10746;2026-08-12 12:32:00;USR-1446;24;Standard;8;0;800;Card;CS2;1.0;0
SESS-10957;2026-08-23 18:40:00;USR-1061;16;Standard;3;0;300;Card;Valorant;5.0;0
SESS-12088;2026-08-08 04:39:00;USR-1136;29;PS5;4;0;900;Cash;Dota 2;4.0;1
SESS-14997;2026-08-18 18:17:00;USR-1253;20;Standard;2;0;200;Card;CS2;4.0;0
SESS-12177;2026-08-26 16:35:00;USR-1264;20;Standard;2;0;200;App;CS2;5.0;0
SESS-11786;2026-08-18 01:26:00;USR-1098;20;Standard;4;320;400;Card;GTA V;4.0;0
SESS-14113;2026-08-21 09:36:00;USR-1316;35;Standard;8;960;800;Card;Valorant;4.0;0
SESS-16369;2026-08-11 20:41:00;USR-1615;22;Standard;2;400;200;Cash;Valorant;3.0;0
SESS-14207;2026-08-01 23:38:00;USR-1755;28;Standard;2;100;180;Card;Dota 2;2.0;1
SESS-12833;2026-08-05 16:57:00;USR-1568;21;VIP;1;0;180;Card;CS2;5.0;1
SESS-15717;2026-08-29 16:07:00;USR-1737;19;Standard;2;0;200;Cash;Dota 2;4.5;0
SESS-12589;2026-08-29 13:01:00;USR-1159;24;Standard;4;0;360;App;Valorant;4.0;1
SESS-10259;2026-08-06 01:27:00;USR-1261;35;Standard;2;0;200;Cash;CS2;5.0;0
SESS-14979;2026-08-11 13:16:00;USR-1599;25;VIP;5 ч.;850;1000;App;Minecraft;5.0;0
;2026-08-31 03:56:00;USR-1554;20;VIP;2;0;400;App;CS2;4.5;0
SESS-10380;2026-08-08 09:30:00;USR-1467;15;VIP;1;0;200;Cash;Dota 2;4.0;0
SESS-13482;2026-08-06 12:07:00;USR-1733;22;VIP;3;490;600;Card;CS2;4.5;0
SESS-12284;2026-08-19 19:56:00;USR-1362;17;Standard;1;0;100;App;PUBG;3.0;0
SESS-11928;2026-08-03 15:04:00;USR-1043;22;;Standard;3;360;App;Minecraft;5.0;0
SESS-10599;2026-08-15 20:34:00;USR-1629;22;Bootcamp;3;0;450;Card;Valorant;3.0;0
SESS-10045;2026-08-25 17:40:00;USR-1059;18;VIP;2;0;360;App;GTA V;4.5;1
SESS-16753;2026-08-16 08:10:00;USR-1224;42;PS5;1;50;250;Card;Dota 2;3.0;0
SESS-16226;2026-08-14 11:59:00;USR-1132;17;Standard;2;0;200;Card;Dota 2;3.0;0
SESS-15239;2026-08-15 10:18:00;USR-1091;20;Bootcamp;3;700;405;App;Deadlock;5.0;1
SESS-14506;2026-08-01 04:17:00;USR-1487;16;Bootcamp;2;490;300;Card;Valorant;4.0;0
SESS-14237;2026-08-19 11:49:00;USR-1756;25;PS5;3;0;750;Card;Apex Legends;5.0;0
SESS-15927;2026-08-21 18:24:00;USR-1001;16;Standard;1;80;100;Card;Cyberpunk 2077;4.0;0
SESS-17219;2026-08-26 22:13:00;USR-1262;27;Standard;5;400;500;Card;CS2;3.0;0
SESS-11916;2026-08-29 14:23:00;USR-1389;15;VIP;12;2500;2400;Cash;CS2;4.5;0
SESS-12927;2026-08-11 02:59:00;USR-1775;32;VIP;1;0;200;Card;Minecraft;4.0;0
;2026-08-05 11:37:00;;23;Standard;1;0;100;App;CS2;4.5;0
SESS-15209;2026-08-03 10:10:00;USR-1217;14;Standard;1;50;100;App;Dota 2;3.0;0
SESS-12794;2026-08-05 05:21:00;USR-1094;16;Bootcamp;2;0;300;Card;Cyberpunk 2077;4.5;0
SESS-14614;2026-08-06 02:10:00;USR-1009;20;Standard;2;0;200;Card;CS2;1.0;0
SESS-15982;2026-08-12 15:30:00;USR-1765;37;Bootcamp;3;0;450;Card;Apex Legends;3.0;0
SESS-13980;2026-08-05 15:04:00;USR-1051;23;VIP;3;0;600;Card;Dota 2;2.0;0
SESS-12543;2026-08-29 09:58:00;USR-1723;18;Standard;2;0;180;Card;CS2;4.0;1
SESS-17267;2026-08-27 12:29:00;USR-1500;26;VIP;3;700;600;Card;CS2;4.0;0
SESS-11971;2026-08-30 18:14:00;USR-1194;14;Standard;4;0;360;Card;CS2;4.0;1
SESS-11298;2026-08-18 02:50:00;USR-1171;39;Standard;3;600;300;Cash;CS2;5.0;0
SESS-10426;2026-08-14 00:16:00;USR-1345;26;Bootcamp;12;2650;1800;Card;Browser/Work;4.0;0
SESS-11643;2026-08-10 20:08:00;USR-1003;24;Standard;1;0;100;App;Dota 2;4.0;0
SESS-10805;2026-08-04 12:02:00;USR-1676;14;PS5;1;200;250;App;Dota 2;4.0;0
SESS-11979;2026-08-19 11:11:00;USR-1318;35;VIP;3;0;540;Card;Valorant;4.5;1
SESS-10410;2026-08-13 22:51:00;USR-1534;20;Standard;4;0;360;Card;Deadlock;4.0;1
SESS-16307;2026-08-11 03:58:00;USR-1567;26;VIP;4;580;800;Card;Valorant;4.0;0
SESS-10665;2026-08-11 15:15:00;USR-1679;15;VIP;1;0;200;Card;CS2;4.0;0
SESS-10438;2026-08-06 06:14:00;USR-1313;23;Bootcamp;2;340;300;Cash;Valorant;5.0;0
SESS-13282;2026-08-16 11:59:00;USR-1715;21;VIP;4;0;800;Card;Dota 2;4.5;0
SESS-16341;2026-08-06 05:45:00;USR-1463;20;PS5;2;0;500;Card;PUBG;5.0;0
SESS-10434;2026-08-07 15:35:00;USR-1657;17;Standard;2;160;200;Card;Browser/Work;4.0;0
SESS-10751;2026-08-15 03:24:00;USR-1729;17;PS5;8;0;2000;Card;CS2;4.0;0
SESS-14767;2026-08-25 04:04:00;USR-1169;15;Standard;1;50;100;Card;CS2;4.0;0
SESS-12577;2026-08-01 12:47:00;USR-1513;32;Bootcamp;5;850;750;App;Deadlock;4.5;0
SESS-14708;2026-08-14 09:14:00;USR-1460;28;Standard;8;0;800;Card;CS2;4.5;0
SESS-15660;2026-08-01 00:47:00;USR-1410;25;VIP;3;0;600;App;Dota 2;4.5;0
SESS-12173;2026-08-04 20:31:00;USR-1206;15;Standard;5;0;500;Card;Minecraft;5.0;0
SESS-15103;2026-08-18 21:03:00;USR-1484;24;Standard;4;800;400;Card;Dota 2;2.0;0
SESS-12654;2026-08-28 11:47:00;USR-1540;26;Bootcamp;8;0;1200;Card;Dota 2;4.5;0
SESS-11049;2026-08-21 00:13:00;USR-1445;15;Standard;1;0;100;Card;Minecraft;4.0;0
SESS-10626;2026-08-25 02:17:00;USR-1337;21;Standard;1;80;100;;Apex Legends;5.0;0
SESS-15282;2026-08-19 21:52:00;USR-1712;35;Standard;2;0;200;Card;CS2;4.0;0
SESS-11223;2026-08-13 05:47:00;USR-1687;21;VIP;2;340;400;Card;Dota 2;4.5;0
SESS-10210;2026-08-09 01:51:00;USR-1226;38;PS5;3;360;750;Card;Dota 2;4.0;0
SESS-13583;2026-08-05 11:22:00;USR-1590;21;Standard;2;160;200;App;CS2;4.5;0
SESS-16430;2026-08-26 16:13:00;USR-1194;14;PS5;8;640;2000;Card;Valorant;4.5;0
SESS-10110;2026-08-24 02:31:00;USR-1490;19;Standard;2;0;180;Card;GTA V;5.0;1
SESS-10051;2026-08-06 11:53:00;USR-1190;26;Standard;3;0;270;App;Dota 2;5.0;1
SESS-11499;2026-08-29 05:31:00;USR-1015;23;VIP;5;0;1000;Card;Valorant;3.0;0
SESS-11109;2026-08-13 19:17:00;USR-1062;22;Standard;5;1000;500;App;Valorant;2.0;0
SESS-13893;2026-08-23 00:56:00;USR-1372;33;VIP;3;460;600;Card;Cyberpunk 2077;4.0;0
SESS-13608;2026-08-19 22:33:00;USR-1010;33;Standard;2;240;180;Card;CS2;3.0;1
SESS-14623;2026-08-12 01:51:00;USR-1261;35;PS5;3;0;750;Cash;CS2;4.5;0
SESS-12069;2026-08-18 18:28:00;USR-1229;20;Standard;2;0;200;Card;Deadlock;5.0;0
SESS-13460;2026-08-20 11:59:00;USR-1574;20;PS5;2;400;500;App;CS2;4.0;0
SESS-15261;2026-08-10 20:37:00;USR-1688;16;PS5;2;0;450;Card;Dota 2;2.0;1
SESS-16516;2026-08-22 15:58:00;USR-1163;14;Standard;1;0;100;Card;PUBG;5.0;0
SESS-16410;2026-08-27 18:04:00;USR-1395;36;Standard;1;0;100;Card;CS2;2.0;0
SESS-15007;2026-08-19 13:24:00;USR-1314;21;VIP;2;650;400;App;CS2;4.0;0
SESS-14823;2026-08-08 21:39:00;USR-1028;31;Bootcamp;8;0;1080;Card;CS2;5.0;1
SESS-14025;2026-08-16 18:08:00;USR-1766;33;Standard;2;160;200;Card;CS2;5.0;0
SESS-14047;2026-08-24 17:23:00;USR-1623;22;Standard;12;960;1200;Card;Dota 2;4.0;0
SESS-15491;2026-08-04 21:29:00;USR-1030;18;Standard;4;0;400;App;CS2;4.0;0
SESS-11498;2026-08-22 04:02:00;USR-1235;25;VIP;2;490;400;Card;Dota 2;4.0;0
SESS-12623;2026-08-16 19:32:00;USR-1658;20;Standard;3;0;270;Card;Cyberpunk 2077;4.0;1
SESS-17190;2026-08-23 23:14:00;USR-1569;19;Bootcamp;1;0;150;Card;CS2;1.0;0
SESS-16034;2026-08-23 02:02:00;USR-1753;22;Bootcamp;1;0;135;App;CS2;4.0;1
;2026-08-30 06:04:00;;19;Bootcamp;4;0;600;Card;Dota 2;4.0;0
SESS-12569;2026-08-31 04:43:00;USR-1407;19;PS5;2;0;500;Cash;Minecraft;4.5;0
SESS-15609;2026-08-17 10:45:00;USR-1742;22;Bootcamp;3;490;405;Card;GTA V;4.0;1
SESS-13529;2026-08-15 15:04:00;USR-1375;22;PS5;3;0;750;App;Dota 2;4.5;0
SESS-15193;2026-08-04 14:31:00;USR-1207;17;VIP;~2;0;360;Card;Dota 2;4.5;1
SESS-12233;2026-08-24 00:10:00;USR-1074;17;PS5;~2;240;450;Card;Dota 2;4.5;1
SESS-10705;2026-08-06 10:12:00;USR-1410;25;Standard;1;0;100;App;Minecraft;4.5;0
SESS-15146;2026-08-01 03:53:00;USR-1512;15;VIP;3;400;600;App;Minecraft;5.0;0
SESS-13947;2026-08-07 13:07:00;USR-1271;18;PS5;2;400;500;App;Dota 2;5.0;0
SESS-14387;2026-08-18 07:47:00;USR-1301;23;Standard;3;0;300;App;CS2;4.0;0
SESS-10057;2026-08-02 15:55:00;USR-1346;15;Bootcamp;4;0;600;Card;Dota 2;3.0;0
SESS-12827;2026-08-18 15:09:00;USR-1288;16;Bootcamp;2;650;300;Card;Valorant;4.5;0
SESS-14666;2026-08-18 21:17:00;USR-1061;16;Standard;1;0;100;App;Dota 2;;0
SESS-16358;2026-08-29 10:09:00;USR-1444;19;VIP;1;450;200;Card;Valorant;3.0;0
SESS-14550;2026-08-01 12:49:00;USR-1459;26;VIP;2;0;400;Cash;Cyberpunk 2077;4.0;0
SESS-10527;2026-08-13 03:01:00;USR-1094;16;Standard;1;0;90;Card;Dota 2;4.0;1
SESS-16055;2026-08-09 23:53:00;USR-1060;18;PS5;12;960;3000;Card;CS2;4.5;0
SESS-15227;2026-08-30 22:37:00;USR-1735;14;Standard;1;50;100;App;CS2;2.0;0
SESS-10565;2026-08-07 14:02:00;USR-1566;14;Standard;3;0;300;Card;Cyberpunk 2077;5.0;0
SESS-12118;2026-08-15 02:03:00;USR-1793;18;VIP ;4;0;800;Card;Valorant;2.0;0
SESS-17181;2026-08-29 21:19:00;USR-1163;14;VIP;12;0;2160;Card;Dota 2;4.0;1
SESS-10640;2026-08-28 09:24:00;USR-1163;14;Bootcamp;3;460;405;Card;Dota 2;4.5;1
SESS-14581;2026-08-10 23:51:00;USR-1577;23;Standard;2;160;200;Card;CS2;3.0;0
SESS-14733;2026-08-30 07:08:00;USR-1451;25;Bootcamp;3;460;450;Card;CS2;5.0;0
SESS-10730;2026-08-29 07:53:00;USR-1468;32;Standard;3;0;300;App;Minecraft;4.5;0
SESS-13014;2026-08-20 16:25:00;USR-1674;23;Standard;4;0;360;Card;CS2;2.0;1
SESS-16946;2026-08-10 12:38:00;USR-1468;32;Standard;12;2400;1200;Card;CS2;4.0;0
SESS-10408;2026-08-26 17:41:00;USR-1124;23;Standard;4;0;360;Card;CS2;5.0;1
SESS-16436;2026-08-27 04:01:00;USR-1317;23;Bootcamp;3;340;450;Card;Dota 2;1.0;0
SESS-10325;08/14/26;USR-1290;31;VIP;3;0;600;Card;Dota 2;3.0;0
SESS-16602;2026-08-20 04:13:00;USR-1334;24;Bootcamp;2;0;270;App;Valorant;5.0;1
SESS-10290;2026-08-01 13:00:00;USR-1307;14;Standard;12;600;1200;App;Dota 2;3.0;0
SESS-15646;2026-08-12 07:55:00;USR-1073;15;Standard;3;0;300;App;CS2;3.0;0
SESS-16858;2026-08-28 04:22:00;USR-1609;32;VIP;12;0;2160;Card;Dota 2;4.5;1
SESS-14478;2026-08-04 16:21:00;USR-1259;21;Bootcamp;12;0;1800;App;Dota 2;4.0;0
SESS-15849;2026-08-17 14:27:00;USR-1090;27;Bootcamp;1;0;150;Card;Valorant;;0
SESS-14975;2026-08-12 14:50:00;USR-1595;20;Standard;2;0;200;App;CS2;4.0;0
SESS-13929;2026-08-25 12:02:00;USR-1301;23;Standard;1;0;90;Card;Apex Legends;4.0;1
SESS-15842;2026-08-20 07:02:00;USR-1064;19;VIP;3;0;600;App;CS2;1.0;0
SESS-13882;2026-08-07 16:59:00;USR-1296;17;PS5;4;320;1000;App;CS2;2.0;0
SESS-12208;2026-08-04 01:34:00;USR-1754;20;VIP;2;0;400;App;Apex Legends;4.5;0
SESS-14701;2026-08-17 22:14:00;USR-1753;22;PS5;1;0;250;Card;Valorant;4.5;0
SESS-12533;2026-08-25 14:47:00;USR-1553;17;Standard;3;240;300;Card;Valorant;2.0;0
SESS-10864;2026-08-06 16:31:00;USR-1230;17;VIP;2;0;400;Card;CS2;4.0;0
SESS-16107;2026-08-28 06:14:00;USR-1301;23;Bootcamp;1;450;150;Card;CS2;4.0;0
SESS-16388;2026-08-03 08:47:00;USR-1361;20;VIP;1;0;180;Card;Dota 2;4.0;1
SESS-17318;2026-08-19 00:52:00;USR-1430;19;Standard;5;0;500;Cash;Valorant;3.0;0
SESS-14921;2026-08-17 18:43:00;USR-1315;17;VIP;3;250;540;App;GTA V;4.5;1
SESS-12576;2026-08-09 12:25:00;USR-1110;17;VIP;2;340;400;App;Cyberpunk 2077;4.0;0
SESS-14453;2026-08-05 19:40:00;USR-1289;14;VIP;2;0;400;;Dota 2;4.0;0
SESS-10371;2026-08-29 16:07:00;USR-1706;35;Standard;4;320;400;App;CS2;3.0;0
SESS-14051;2026-08-09 05:50:00;USR-1615;22;Standard;1;120;100;Card;Dota 2;3.0;0
SESS-10625;2026-08-15 05:41:00;USR-1148;21;Bootcamp;1;0;150;Card;Apex Legends;4.0;0
SESS-14394;2026-08-06 23:42:00;USR-1056;20;Standard;3;0;300;Card;Valorant;4.5;0
SESS-16633;2026-08-08 18:16:00;USR-1359;23;Bootcamp;2;490;300;Card;CS2;5.0;0
SESS-15950;2026-08-23 05:49:00;USR-1209;24;Standard;1;0;100;App;GTA V;5.0;0
SESS-15899;2026-08-14 18:30:00;USR-1040;16;Standard;2;160;200;Card;Dota 2;4.5;0
SESS-16005;2026-08-16 01:38:00;USR-1012;34;Bootcamp;4;0;600;Card;Apex Legends;4.0;0
SESS-15322;2026-08-10 03:33:00;USR-1209;24;Standard;1;0;100;App;CS2;1.0;0
SESS-11550;2026-08-21 06:41:00;USR-1709;17;Bootcamp;3;0;405;Card;Minecraft;3.0;1
SESS-13407;2026-08-29 23:46:00;USR-1457;36;Standard;2;240;200;Card;Dota 2;4.0;0
SESS-15477;2026-08-05 16:28:00;USR-1685;23;Bootcamp;4;0;600;Card;CS2;4.0;0
SESS-15802;2026-08-07 09:59:00;USR-1732;23;Standard;2;400;200;Cash;PUBG;3.0;0
SESS-16870;2026-08-24 04:37:00;USR-1374;18;Standard;8;0;800;Card;GTA V;4.0;0
SESS-15185;2026-08-12 10:38:00;USR-1157;25;VIP;8;0;1600;Card;Minecraft;4.5;0
SESS-11360;2026-08-31 16:59:00;USR-1355;15;PS5;1;120;250;Card;CS2;4.5;0
SESS-10911;2026-08-06 16:40:00;USR-1474;28;Bootcamp;3;700;450;App;Valorant;4.0;0
SESS-16836;2026-08-23 15:12:00;USR-1338;22;VIP ;4;0;400;Card;Minecraft;4.0;0
SESS-14650;2026-08-25 23:52:00;USR-1446;24;VIP;2 часа;340;400;App;GTA V;4.0;0
;2026-08-10 10:27:00;USR-1147;29;VIP;3;850;600;Card;Apex Legends;4.5;0
SESS-15909;2026-08-02 06:36:00;USR-1431;26;VIP;1;0;200;Card;Valorant;4.0;0
SESS-13332;2026-08-09 12:56:00;USR-1687;21;Bootcamp;1;180;150;Card;Valorant;5.0;0
SESS-14022;2026-08-18 13:07:00;USR-1796;26;Standard;4;0;360;Card;CS2;5.0;1
SESS-15075;2026-08-04 13:31:00;USR-1613;20;VIP ;2;0;400;Card;Dota 2;4.5;0
SESS-14781;2026-08-06 17:01:00;USR-1422;17;Standard;12;0;1200;Cash;Dota 2;4.0;0
SESS-11423;2026-08-06 02:09:00;USR-1411;16;Standard;1;0;90;Card;Dota 2;4.0;1
SESS-10122;2026-08-07 15:27:00;USR-1675;22;;Standard;5;0;Card;Deadlock;4.5;1
SESS-10479;2026-08-04 16:52:00;USR-1656;35;Standard;2;0;200;Cash;Apex Legends;5.0;0
SESS-10662;2026-08-06 10:40:00;USR-1071;14;Standard;4;0;400;Card;CS2;4.5;0
SESS-16375;2026-08-31 05:11:00;USR-1482;15;PS5;12;600;3000;Cash;Minecraft;1.0;0
SESS-10293;2026-08-19 08:52:00;USR-1686;23;Standard;3;600;300;Cash;Dota 2;4.0;0
SESS-16914;2026-08-02 22:32:00;USR-1780;22;Standard;3;0;300;Cash;PUBG;;0
SESS-11844;2026-08-16 05:30:00;USR-1780;22;VIP;3;700;600;Card;CS2;3.0;0
SESS-14901;2026-08-14 22:28:00;USR-1156;45;VIP;4;570;800;Card;Dota 2;5.0;0
SESS-10940;2026-08-29 06:30:00;USR-1685;23;Standard;4;0;400;App;CS2;4.5;0
SESS-11755;2026-08-28 22:12:00;USR-1153;22;VIP;3;0;600;Card;Dota 2;3.0;0
SESS-15513;2026-08-22 02:20:00;USR-1468;32;Standard;1;120;100;Card;Dota 2;5.0;0
SESS-10439;2026-08-05 09:14:00;USR-1248;26;Standard;3;0;270;Card;PUBG;3.0;1
SESS-11379;2026-08-18 14:33:00;USR-1704;30;Standard;2;100;200;Card;Apex Legends;5.0;0
;2026-08-24 09:30:00;USR-1354;15;VIP;1;0;200;App;Dota 2;5.0;0
SESS-16153;2026-08-04 11:49:00;USR-1378;21;Standard;8;640;800;Card;Valorant;5.0;0
SESS-16741;2026-08-04 14:18:00;USR-1602;15;VIP;2;410;360;Card;CS2;4.5;1
SESS-16097;2026-08-20 17:12:00;USR-1121;21;Standard;2;0;200;Card;Dota 2;5.0;0
SESS-11443;2026-08-11 09:25:00;USR-1129;34;Standard;5;1000;500;Card;CS2;3.0;0
SESS-13616;2026-08-08 19:32:00;USR-1117;17;Standard;3;150;270;App;Dota 2;4.0;1
SESS-11477;2026-08-07 09:40:00;USR-1788;15;VIP;3;0;540;Card;Dota 2;5.0;1
SESS-11173;2026-08-07 19:58:00;USR-1099;21;Standard;3;600;270;Card;CS2;4.5;1
SESS-15729;2026-08-03 22:35:00;USR-1443;14;Standard;2;400;180;Card;PUBG;4.0;1
SESS-16766;2026-08-14 19:41:00;USR-1608;25;Bootcamp;3;0;450;Card;Browser/Work;4.5;0
SESS-13749;2026-08-10 02:30:00;USR-1646;19;VIP;3;0;600;App;Deadlock;4.0;0
SESS-14649;2026-08-01 18:48:00;USR-1641;34;Standard;1;80;90;Card;Valorant;3.0;1
SESS-14039;2026-08-25 04:46:00;USR-1744;33;Standard;1;120;100;Card;GTA V;4.0;0
SESS-14959;2026-08-25 01:36:00;USR-1450;19;Standard;4;800;360;App;PUBG;2.0;1
SESS-12926;2026-08-16 18:48:00;USR-1738;37;Standard;12;0;1200;App;Minecraft;4.0;0
SESS-17089;2026-08-22 02:01:00;USR-1070;22;Standard;2;0;200;Card;Dota 2;4.0;0
SESS-10279;2026-08-21 00:53:00;USR-1471;21;Bootcamp;2;0;300;Card;Valorant;3.0;0
SESS-15602;2026-08-17 04:44:00;USR-1154;3;Bootcamp;-2;400;450;Card;Dota 2;4.5;0
SESS-15522;2026-08-29 04:02:00;USR-1598;16;Bootcamp;3;0;450;Card;CS2;2.0;0
SESS-12684;2026-08-17 11:22:00;USR-1105;19;VIP;5;1100;1000;Card;Dota 2;4.5;0
SESS-14939;2026-08-09 07:38:00;USR-1491;14;Standard;1;80;100 ₽;App;GTA V;5.0;0
SESS-14502;2026-08-26 00:27:00;USR-1543;24;VIP;3;490;540;Card;CS2;5.0;1
SESS-16518;2026-08-10 10:00:00;USR-1509;16;Standard;3;0;300;Card;CS2;4.0;0
SESS-14347;2026-08-04 02:23:00;USR-1386;21;Standard;2;0;180;Card;Dota 2;3.0;1
SESS-14334;2026-08-27 04:56:00;USR-1237;14;Standard;3;240;300;Card;PUBG;4.0;0
SESS-17020;2026-08-31 05:35:00;USR-1729;17;Bootcamp;8;0;1200;Card;Dota 2;4.0;0
SESS-11101;2026-08-27 01:07:00;USR-1681;27;Standard;3;0;300;App;Valorant;3.0;0
SESS-13164;2026-08-18 08:32:00;USR-1300;21;VIP;3;0;600;Card;CS2;4.5;0
SESS-11694;2026-08-12 01:41:00;USR-1192;38;Standard;2;0;200;Cash;Dota 2;5.0;0
SESS-15968;2026-08-05 17:44:00;USR-1759;20;Standard;3;360;300;Card;CS2;4.0;0
SESS-12266;2026-08-07 10:00:00;USR-1632;14;Bootcamp;3;0;450;Card;Valorant;2.0;0
SESS-14235;2026-08-07 19:03:00;USR-1414;17;Standard;8;640;800;Card;Dota 2;5.0;0
SESS-11699;2026-08-16 06:17:00;USR-1647;27;Standard;2;0;200;App;Valorant;4.5;0
SESS-13139;2026-08-17 12:10:00;USR-1683;25;VIP;3;0;540;Card;Dota 2;4.0;1
SESS-15920;2026-08-17 02:57:00;USR-1226;38;PS5;8;1600;2000;App;Valorant;4.5;0
SESS-11784;2026-08-30 09:56:00;USR-1797;35;Bootcamp;2;0;300;Cash;CS2;5.0;0
SESS-10577;2026-08-21 08:30:00;USR-1440;16;Standard;2;160;180;Card;Valorant;3.0;1
SESS-10059;2026-08-12 15:46:00;USR-1224;42;Bootcamp;3;0;450;Card;CS2;4.5;0
SESS-15838;2026-08-27 11:00:00;USR-1758;23;Standard;3;0;300;Card;Dota 2;4.5;0
SESS-10787;2026-08-18 05:15:00;USR-1117;17;Bootcamp;1 ч.;0;150;Cash;Dota 2;4.0;0
SESS-14940;2026-08-02 19:34:00;USR-1576;36;Standard;2;0;200;Card;CS2;5.0;0
SESS-16719;2026-08-09 16:57:00;USR-1550;19;Standard;4;320;400;Card;CS2;5.0;0
SESS-15022;2026-08-08 01:53:00;USR-1214;25;Standard;12;0;1080;Cash;Minecraft;3.0;1
SESS-14013;2026-08-03 11:03:00;USR-1572;15;Bootcamp;1;330;135;App;Valorant;5.0;1
SESS-14466;2026-08-16 00:03:00;USR-1461;27;Standard;8;400;720;Card;CS2;4.5;1
SESS-13626;2026-08-22 15:08:00;USR-1776;16;Standard;2;160;200;Card;Apex Legends;4.5;0
SESS-14958;2026-08-20 15:01:00;USR-1557;18;Standard;4;0;400;Cash;Dota 2;5.0;0
SESS-11768;2026-08-06 22:08:00;USR-1599;25;PS5;2;0;450;Card;Minecraft;5.0;1
SESS-11345;2026-08-08 04:55:00;USR-1480;16;VIP;3;610;540;Card;Dota 2;3.0;1
SESS-13954;2026-08-23 20:29:00;USR-1576;36;Bootcamp;1;220;135;App;CS2;2.0;1
SESS-14165;2026-08-16 22:26:00;USR-1416;29;VIP;2;350;400;Card;Minecraft;4.5;0
SESS-11183;2026-08-02 02:27:00;USR-1410;25;PS5;3;150;750;Cash;CS2;5.0;0
SESS-15341;2026-08-24 00:07:00;USR-1460;28;Standard;2;0;200;Cash;Valorant;5.0;0
SESS-16925;2026-08-11 00:38:00;USR-1675;22;VIP;2;0;360;Card;Minecraft;4.0;1
SESS-13809;2026-08-06 08:47:00;USR-1218;16;Standard;2;0;200;App;CS2;4.0;0
SESS-15502;2026-08-11 10:19:00;USR-1507;22;Standard;12;0;1080;Card;Dota 2;5.0;1
SESS-12986;2026-08-10 05:22:00;USR-1090;27;ps5;12;0;1200;Card;Valorant;4.0;0
SESS-12954;2026-08-09 14:48:00;USR-1512;15;Standard;3;0;300;Card;Valorant;2.0;0
SESS-16402;2026-08-05 00:07:00;USR-1136;29;PS5;5;0;1125;Card;CS2;4.5;1
SESS-10184;2026-08-23 20:30:00;USR-1574;20;Standard;3;360;300;Card;Dota 2;4.5;0
SESS-15435;2026-08-27 03:38:00;USR-1644;22;Standard;12;960;1200;App;Dota 2;4.0;0
SESS-12036;2026-08-07 02:17:00;USR-1252;24;PS5;2;0;500;Cash;Minecraft;4.5;0
SESS-14691;2026-08-13 01:28:00;USR-1208;14;VIP;2;410;400;App;Apex Legends;4.5;0
SESS-10420;2026-08-28 00:43:00;USR-1570;26;Standard;12;960;1200;Card;Minecraft;4.0;0
SESS-16624;2026-08-03 02:29:00;USR-1775;32;Standard;12;0;1200;App;CS2;4.5;0
SESS-10553;2026-08-14 06:25:00;USR-1171;39;VIP;3;490;540;Card;GTA V;3.0;1
SESS-11397;2026-08-06 01:29:00;USR-1692;27;Standard;2;0;200;Card;Dota 2;4.5;0
SESS-16746;2026-08-19 12:16:00;USR-1736;23;Bootcamp;2;200;300;App;Valorant;4.0;0
SESS-15444;2026-08-30 06:42:00;USR-1326;19;Standard;5;0;500;Card;CS2;1.0;0
SESS-12707;2026-08-06 01:10:00;USR-1342;21;Standard;4;800;400;App;Deadlock;3.0;0
SESS-12095;2026-08-20 00:12:00;USR-1034;16;VIP;1;0;200;Cash;Dota 2;4.0;0
SESS-15820;2026-08-31 18:25:00;USR-1007;17;PS5;2;0;500;Card;Deadlock;4.5;0
SESS-10443;2026-08-10 02:05:00;USR-1413;15;Standard;2;0;200;Cash;CS2;1.0;0
SESS-15473;2026-08-08 04:16:00;USR-1347;21;VIP;12;0;2400;Card;CS2;3.0;0
SESS-11894;2026-08-13 16:22:00;USR-1356;16;VIP;2;260;360;Card;Dota 2;4.0;1
SESS-11119;2026-08-04 02:38:00;USR-1387;25;Standard;8;640;720;Card;CS2;4.5;1
SESS-11701;2026-08-31 12:20:00;USR-1295;30;Standard;2;0;200;Card;Dota 2;3.0;0
SESS-14951;2026-08-11 21:46:00;USR-1439;16;Bootcamp;3;0;450;Card;CS2;5.0;0
;2026-08-14 07:44:00;USR-1275;24;VIP;5;0;900;Card;CS2;4.0;1
SESS-10693;2026-08-18 02:58:00;USR-1154;22;PS5;2;0;500;Card;Dota 2;3.0;0
SESS-12820;2026-08-26 08:50:00;USR-1215;32;Standard;4;0;400;Card;CS2;4.5;0
SESS-11952;2026-08-28 12:28:00;USR-1270;24;PS5;12;0;3000;Card;CS2;4.5;0
SESS-14323;2026-08-17 13:01:00;USR-1197;24;Standard;4;0;400;Card;CS2;3.0;0
SESS-10181;2026-08-18 02:04:00;USR-1018;3;Bootcamp;999;0;300;Card;CS2;4.5;0
SESS-14077;2026-08-29 01:40:00;USR-1603;14;PS5;4;0;900;App;Minecraft;4.5;1
SESS-10794;2026-08-13 19:21:00;USR-1038;26;PS5;2;400;500;Card;CS2;5.0;0
SESS-14221;2026-08-16 16:28:00;USR-1139;16;Standard;3;600;270;Card;CS2;4.5;1
SESS-11891;2026-08-23 20:12:00;USR-1074;17;VIP;2;650;400;App;Dota 2;4.0;0
SESS-12229;2026-08-24 21:14:00;USR-1238;30;VIP;1;0;200;Card;Minecraft;4.0;0
SESS-13438;2026-08-28 13:20:00;USR-1277;15;Standard;3;150;300 ₽;Card;Valorant;5.0;0
SESS-12310;2026-08-10 04:27:00;USR-1295;30;Bootcamp;5;0;750;Card;Deadlock;5.0;0
SESS-15472;2026-08-26 08:53:00;USR-1424;20;Standard;5;0;500;Card;CS2;4.0;0
SESS-12348;2026-08-26 06:27:00;USR-1502;28;Bootcamp;1;220;150;Card;Valorant;3.0;0
SESS-13880;2026-08-01 15:17:00;USR-1416;29;Bootcamp;8;890;1200;Card;Dota 2;1.0;0
SESS-12499;2026-08-13 17:00:00;USR-1399;23;Standard;2;100;200;Card;Minecraft;2.0;0
SESS-15451;2026-08-31 07:19:00;USR-1790;23;Standard;3;0;300;Card;GTA V;5.0;0
SESS-10530;2026-08-09 12:49:00;USR-1757;21;Bootcamp;1;450;150;Card;CS2;1.0;0
SESS-15839;2026-08-26 02:44:00;USR-1459;26;VIP;4;570;800;App;Deadlock;4.5;0
SESS-12063;2026-08-25 21:26:00;USR-1390;18;Standard;8;0;800;Card;Valorant;4.0;0
SESS-16043;2026-08-14 22:09:00;USR-1718;29;Bootcamp;4;1050;600;Card;Deadlock;4.0;0
SESS-10710;2026-08-30 16:06:00;USR-1667;24;VIP;3;0;600;Card;Dota 2;2.0;0
SESS-14669;2026-08-18 22:31:00;USR-1231;27;VIP;4;0;720;Card;Valorant;4.0;1
SESS-13933;2026-08-31 20:42:00;USR-1231;27;PS5;1;200;250;Cash;CS2;5.0;0
SESS-10558;2026-08-31 00:24:00;USR-1107;16;Standard;12;2400;1200;Card;Dota 2;4.5;0
SESS-16351;2026-08-06 21:10:00;USR-1273;14;Standard;3;0;300;Card;CS2;5.0;0
SESS-12629;2026-08-20 10:03:00;USR-1149;17;VIP;1;0;200;Card;Dota 2;4.5;0
SESS-11371;2026-08-25 10:32:00;USR-1627;22;Standard;5;400;500;App;CS2;4.5;0
SESS-16291;2026-08-08 01:51:00;USR-1536;23;Standard;1;0;90;Cash;PUBG;5.0;1
;2026-08-16 19:48:00;;27;Standard;3;0;300;Card;CS2;4.5;0
SESS-17105;2026-08-20 20:23:00;USR-1408;28;Standard;1;120;90;Card;CS2;5.0;1
SESS-10907;2026-08-03 09:40:00;USR-1692;27;Bootcamp;1;0;150;Card;Minecraft;4.0;0
SESS-13347;2026-08-04 17:13:00;USR-1598;16;Standard;3;600;300;;Valorant;5.0;0
SESS-11433;2026-08-16 22:00:00;USR-1046;20;Standard;3;0;300;Card;Valorant;5.0;0
SESS-12688;2026-08-05 03:00:00;USR-1261;35;Standard;1;120;100;Card;CS2;4.5;0
SESS-16399;2026-08-27 12:29:00;USR-1704;30;Standard;3;0;300;App;Dota 2;5.0;0
SESS-15948;2026-08-10 08:10:00;USR-1731;140;Standard;999;160;200;Card;PUBG;4.0;0
SESS-12357;2026-08-02 12:20:00;USR-1304;22;Standard;1;0;100;;Minecraft;2.0;0
SESS-15608;2026-08-04 08:17:00;USR-1222;17;Bootcamp;2;0;300;;Deadlock;4.5;0
SESS-14099;2026-08-08 09:26:00;USR-1415;20;Standard;2;160;200;Card;Dota 2;5.0;0
SESS-13298;2026-08-03 05:14:00;USR-1360;15;Standard;5;250;500;Card;Minecraft;5.0;0
SESS-15873;2026-08-10 03:24:00;USR-1144;14;Bootcamp;2;500;300;App;Valorant;4.0;0
SESS-10926;2026-08-01 17:41:00;USR-1467;15;Standard;3;0;300;App;Dota 2;3.0;0
SESS-12842;2026-08-26 17:30:00;USR-1242;15;Standard;1;0;100;App;CS2;4.0;0
SESS-14216;2026-08-31 02:19:00;USR-1595;20;VIP;1;0;200;Card;CS2;4.5;0
SESS-12223;2026-08-17 18:37:00;USR-1001;16;Standard;4;480;400;Card;Dota 2;1.0;0
SESS-10015;2026-08-16 22:13:00;USR-1005;33;Bootcamp;2;650;300;Card;Minecraft;4.0;0
SESS-16825;2026-08-28 00:37:00;USR-1060;18;Bootcamp;2;490;300;Card;CS2;3.0;0
SESS-10315;2026-08-11 15:06:00;USR-1252;24;Standard;2;100;180;App;CS2;4.5;1
SESS-12789;2026-08-04 22:31:00;USR-1141;24;PS5;3;0;675;App;CS2;3.0;1
SESS-15359;2026-08-03 11:05:00;USR-1479;18;Standard;2;0;200;Cash;Minecraft;3.0;0
SESS-11161;2026-08-21 11:47:00;USR-1726;29;Standard;4;0;400;Cash;Valorant;4.0;0
SESS-11954;2026-08-12 03:31:00;USR-1091;20;Standard;2;400;180;Cash;Apex Legends;5.0;1
SESS-13961;2026-08-20 10:00:00;USR-1754;20;PS5;2;0;500;Card;CS2;4.0;0
SESS-12534;2026-08-29 06:14:00;USR-1425;22;Standard;3;0;300;Card;Dota 2;3.0;0
SESS-11915;2026-08-21 19:08:00;USR-1057;32;VIP;2;0;400;App;CS2;4.0;0
SESS-11362;2026-08-16 12:34:00;USR-1223;24;PS5;3;360;750;Card;Minecraft;4.5;0
SESS-10414;2026-08-01 00:41:00;USR-1355;15;Standard;5;1000;500;Cash;Dota 2;3.0;0
SESS-11212;2026-08-18 05:43:00;USR-1302;16;PS5;2;0;450;App;Apex Legends;2.0;1
SESS-13307;2026-08-30 06:57:00;USR-1542;23;VIP;2;0;400;Card;Dota 2;4.0;0
SESS-16957;2026-08-11 08:55:00;USR-1149;17;VIP;12;2500;2160;Card;CS2;4.0;1
SESS-17051;2026-08-20 18:53:00;USR-1659;30;Standard;4;200;400;Card;CS2;4.0;0
SESS-15857;2026-08-26 00:45:00;USR-1666;16;Standard;4;0;400;Card;Dota 2;2.0;0
SESS-16271;2026-08-06 05:57:00;USR-1674;23;Standard;2;0;200;Card;CS2;5.0;0
SESS-12726;2026-08-20 23:12:00;USR-1529;16;Standard;2;100;200;Card;Minecraft;4.5;0
SESS-11170;2026-08-18 00:26:00;USR-1377;24;PS5;4;320;1000;Cash;CS2;5.0;0
SESS-17046;2026-08-24 01:57:00;USR-1395;36;Standard;8;960;800;Card;Minecraft;3.0;0
SESS-16149;2026-08-25 04:36:00;USR-1052;15;VIP;3;0;600;App;Valorant;5.0;0
SESS-14168;2026-08-16 14:52:00;USR-1469;24;VIP;3;400;600;Card;CS2;4.5;0
SESS-14641;2026-08-07 20:20:00;USR-1693;31;VIP;2;0;400;App;Deadlock;4.0;0
SESS-12992;2026-08-08 12:52:00;USR-1325;22;Standard;8;0;720;Card;CS2;4.5;1
SESS-15665;2026-08-03 18:59:00;USR-1730;25;VIP;3;250;600;Card;Valorant;5.0;0
SESS-15243;2026-08-05 02:36:00;USR-1213;16;Bootcamp;8;0;1200;Card;Valorant;4.5;0
SESS-11323;2026-08-01 04:47:00;USR-1538;16;Standard;5;250;500;Card;CS2;4.5;0
SESS-16642;2026-08-30 03:54:00;USR-1327;29;Bootcamp;2;0;300;Card;Apex Legends;4.0;0
SESS-12867;2026-08-29 16:48:00;USR-1274;14;Standard;3;0;300;Card;CS2;2.0;0
SESS-14149;2026-08-11 18:29:00;USR-1327;29;VIP;1;0;200;Card;Dota 2;5.0;0
SESS-16279;2026-08-30 21:02:00;USR-1025;15;Bootcamp;12;2650;1800;App;CS2;5.0;0
SESS-12882;2026-08-25 23:32:00;USR-1025;15;Bootcamp;4;0;540;App;Dota 2;3.0;1
SESS-15823;2026-08-02 11:33:00;USR-1684;29;VIP;2;350;400;App;CS2;;0
SESS-14880;2026-08-13 16:00:00;USR-1547;23;Bootcamp;2;0;270;Card;Deadlock;5.0;1
SESS-12197;2026-08-19 07:14:00;USR-1432;21;Bootcamp;4;0;600;Card;Dota 2;4.0;0
SESS-10387;2026-08-14 09:04:00;USR-1793;140;PS5;999;50;250;Card;GTA V;4.5;0
SESS-14801;2026-08-14 04:51:00;USR-1187;23;PS5;2;0;500;Card;CS2;3.0;0
SESS-11032;2026-08-07 10:35:00;USR-1060;18;Standard;12;0;1200;;CS2;4.5;0
SESS-16802;2026-08-04 21:49:00;USR-1212;20;VIP;3;610;540;Card;CS2;4.0;1
SESS-15102;2026-08-17 18:15:00;USR-1310;22;Standard;3;600;300;Cash;CS2;1.0;0
SESS-15701;2026-08-14 02:10:00;USR-1060;18;VIP;3;0;600;Card;CS2;5.0;0
SESS-13761;2026-08-29 02:11:00;USR-1360;15;Standard;2;400;200;Cash;CS2;5.0;0
SESS-11747;2026-08-18 07:38:00;USR-1775;32;PS5;2;100;500;Cash;Dota 2;4.0;0
SESS-13279;2026-08-05 18:56:00;USR-1632;14;PS5;1;0;250;Card;Valorant;1.0;0
SESS-12288;2026-08-31 12:05:00;USR-1082;32;VIP;2;650;400;Card;CS2;4.5;0
SESS-11010;2026-08-28 23:38:00;USR-1747;25;VIP;1;330;200;Card;CS2;4.0;0
SESS-15023;2026-08-27 04:04:00;USR-1166;26;;Bootcamp;12;0;Cash;Minecraft;4.0;0
SESS-16576;2026-08-07 09:43:00;USR-1748;25;Bootcamp;2;0;300;Card;Valorant;5.0;0
SESS-10931;2026-08-04 14:47:00;USR-1330;18;Bootcamp;12;0;1800;Card;CS2;3.0;0
SESS-13181;2026-08-27 07:51:00;USR-1535;17;Bootcamp;4;300;540;Card;CS2;4.5;1
SESS-10691;2026-08-13 17:57:00;USR-1316;35;Standard;2;0;180;App;Valorant;4.0;1
SESS-10533;2026-08-30 23:16:00;USR-1565;22;Standard;3;0;300;Card;CS2;4.0;0
SESS-12903;2026-08-11 21:04:00;USR-1142;16;VIP;3;0;600;;CS2;4.0;0
SESS-12542;2026-08-23 08:52:00;USR-1736;23;VIP;5;0;900;App;Minecraft;4.0;1
SESS-11450;2026-08-11 19:54:00;USR-1385;18;Standard;2;0;180;App;CS2;4.0;1
SESS-10652;2026-08-18 20:38:00;USR-1272;14;VIP;2;0;400;Card;Minecraft;4.0;0
SESS-10033;2026-08-16 03:59:00;USR-1318;35;VIP;12;0;2160;App;Dota 2;4.0;1
SESS-12598;2026-08-09 11:08:00;USR-1013;22;VIP;1;0;200;Card;Apex Legends;4.0;0
SESS-15632;2026-08-04 14:22:00;USR-1621;23;Standard;8;0;800;Card;Minecraft;4.5;0
SESS-10044;2026-08-19 22:00:00;USR-1418;16;Standard;12;0;1200;Card;CS2;4.5;0
SESS-13914;2026-08-22 23:06:00;USR-1072;15;Standard;3;0;300;Card;Valorant;3.0;0
SESS-15338;2026-08-11 23:14:00;USR-1374;18;Standard;2;400;180;Cash;CS2;3.0;1
SESS-10964;2026-08-13 03:07:00;USR-1101;18;Standard;5;600;500;Cash;CS2;;0
SESS-14668;2026-08-13 02:39:00;USR-1344;18;Bootcamp;3;700;450;Cash;Deadlock;4.5;0
SESS-15425;2026-08-12 03:06:00;USR-1250;20;Standard;4;0;400;Card;CS2;2.0;0
;2026-08-03 20:28:00;;35;Standard;2;0;180;Card;CS2;4.5;1
SESS-13121;2026-08-04 07:04:00;USR-1386;21;Standard;2;0;200;Card;Dota 2;5.0;0
SESS-13016;2026-08-02 08:43:00;USR-1570;26;PS5;1;50;225;Card;Valorant;4.5;1
SESS-14667;2026-08-01 15:04:00;USR-1208;14;VIP;3;700;540;App;CS2;4.0;1
SESS-13018;2026-08-24 12:18:00;USR-1766;33;VIP;2;490;400;Card;Dota 2;4.5;0
SESS-17308;2026-08-12 22:46:00;USR-1236;21;PS5;1;0;250;App;Cyberpunk 2077;4.0;0
SESS-11683;2026-08-25 19:58:00;USR-1343;15;VIP;2;0;400;;Dota 2;4.0;0
SESS-11509;2026-08-17 12:56:00;USR-1044;17;Standard;12;0;1200;App;Minecraft;2.0;0
SESS-13105;2026-08-27 00:03:00;USR-1112;15;VIP;2;0;360;Card;Valorant;2.0;1
SESS-17262;2026-08-09 23:42:00;USR-1787;17;Standard;3;240;270;Card;Valorant;4.5;1
SESS-10026;2026-08-07 16:14:00;USR-1585;22;PS5;1;0;250;App;Cyberpunk 2077;4.0;0
SESS-16064;2026-08-09 21:18:00;USR-1746;17;Standard;3;0;300;Card;CS2;1.0;0
SESS-10063;2026-08-11 07:11:00;USR-1531;22;Standard;2;0;200;Card;Dota 2;4.0;0
SESS-11044;2026-08-10 17:37:00;USR-1541;24;Standard;12;1440;1200;Cash;CS2;4.0;0
SESS-13078;2026-08-02 11:58:00;USR-1059;18;Standard;12;1440;1200;;CS2;4.5;0
SESS-15815;2026-08-24 22:10:00;USR-1414;17;Standard;2;0;180;Card;Dota 2;4.0;1
SESS-16380;2026-08-26 08:08:00;USR-1281;20;PS5;2;0;500;Card;Dota 2;5.0;0
SESS-13045;2026-08-20 01:41:00;USR-1614;15;Standard;4;800;400;App;CS2;5.0;0
SESS-11454;2026-08-31 01:09:00;USR-1697;36;PS5;8;0;2000;App;Dota 2;4.5;0
SESS-10227;2026-08-12 11:53:00;USR-1797;35;Standard;3;240;270;Card;Deadlock;4.0;1
SESS-12697;2026-08-19 14:32:00;USR-1702;15;PS5;3;360;750;Card;Minecraft;4.0;0
SESS-13543;2026-08-14 19:16:00;USR-1326;19;Bootcamp;2;340;300;App;CS2;3.0;0
SESS-16550;2026-08-06 03:07:00;USR-1060;18;VIP;2;410;400;Card;CS2;3.0;0
SESS-14709;2026-08-26 14:23:00;USR-1686;23;Standard;1;0;100;Cash;Dota 2;3.0;0
SESS-13667;2026-08-07 08:34:00;USR-1510;17;Bootcamp;12;0;1800;Cash;Minecraft;4.0;0
SESS-11203;2026-08-09 23:49:00;USR-1429;34;PS5;4;480;900;Card;CS2;1.0;1
SESS-17250;2026-08-25 19:06:00;USR-1686;23;Bootcamp;4;0;540;App;Dota 2;4.5;1
SESS-10969;2026-08-29 20:36:00;USR-1265;14;PS5;3;600;750;App;Valorant;1.0;0
SESS-11805;2026-08-15 00:50:00;USR-1018;26;Standard;3;240;300;Card;Apex Legends;2.0;0
SESS-14935;2026-08-25 11:49:00;USR-1156;45;Standard;4;480;400;Card;CS2;4.0;0
SESS-12210;2026-08-19 23:13:00;USR-1750;28;PS5;1;0;250;App;Valorant;4.0;0
SESS-12549;2026-08-22 14:22:00;USR-1749;14;VIP;5;0;1000;Card;CS2;4.0;0
SESS-12781;2026-08-26 01:27:00;USR-1498;24;PS5;2;100;500;Cash;Valorant;5.0;0
SESS-16866;2026-08-31 10:38:00;USR-1062;22;Bootcamp;1;450;150;Card;CS2;5.0;0
SESS-14680;2026-08-06 21:16:00;USR-1300;21;Standard;1;50;90;Card;CS2;;1
SESS-13889;2026-08-30 09:00:00;USR-1527;17;Standard;2;160;200;App;Dota 2;4.5;0
SESS-15340;2026-08-24 15:18:00;USR-1631;21;Standard;4;200;360;Card;Minecraft;4.5;1
SESS-12272;2026-08-05 20:09:00;USR-1288;16;Standard;2;240;180;Cash;Valorant;4.0;1
SESS-16195;2026-08-27 18:09:00;USR-1790;23;Standard;3;240;300;Card;CS2;4.5;0
SESS-12402;2026-08-31 07:56:00;USR-1016;14;Standard;3;240;300;Card;CS2;4.5;0
SESS-16563;2026-08-26 14:26:00;USR-1225;26;Standard;2;0;200;Card;Valorant;4.0;0
SESS-11860;2026-08-14 11:56:00;USR-1674;23;VIP;1;150;200;Card;CS2;5.0;0
SESS-13532;2026-08-11 23:27:00;USR-1411;16;PS5;3;600;750;App;Dota 2;4.5;0
SESS-14458;2026-08-13 05:58:00;USR-1706;35;Bootcamp;12;0;1800;Card;CS2;3.0;0
SESS-13774;2026-08-13 00:46:00;USR-1564;32;Standard;1;50;90;Card;Dota 2;4.5;1
SESS-17069;2026-08-24 19:52:00;USR-1395;36;Bootcamp;3 часа;0;405;App;Minecraft;4.0;1
SESS-12526;2026-08-15 06:40:00;USR-1716;24;PS5;1;120;250;Card;Dota 2;4.0;0
SESS-10252;2026-08-10 14:16:00;USR-1630;21;Standard;2;240;180;Card;CS2;4.0;1
SESS-12298;2026-08-15 01:38:00;USR-1768;22;PS5;2;0;500;Card;Dota 2;5.0;0
SESS-14878;2026-08-03 14:43:00;USR-1202;27;Standard;1;0;100;App;Dota 2;5.0;0
SESS-11578;2026-08-13 15:13:00;USR-1165;14;Standard;3;0;270;Card;Dota 2;4.5;1
SESS-11789;2026-08-17 17:40:00;USR-1058;15;Standard;1;120;90;;Cyberpunk 2077;4.5;1
SESS-12850;2026-08-09 18:11:00;USR-1149;17;VIP;3;0;600;App;PUBG;4.5;0
SESS-16513;2026-08-25 04:47:00;USR-1416;29;Standard;2;400;200;App;Dota 2;4.0;0
SESS-13841;2026-08-30 10:25:00;USR-1502;28;Standard;3;0;300;Cash;PUBG;5.0;0
SESS-15025;2026-08-09 17:20:00;USR-1459;26;VIP;1;0;200;App;Dota 2;5.0;0
SESS-12115;2026-08-18 13:25:00;USR-1460;28;Standard;2;160;200;App;Cyberpunk 2077;4.0;0
SESS-14886;2026-08-27 00:42:00;USR-1352;29;Standard;1;0;100;Card;CS2;4.0;0
SESS-11902;2026-08-05 06:58:00;USR-1611;14;Standard;2;0;200;Cash;CS2;5.0;0
SESS-14747;2026-08-01 12:30:00;USR-1694;18;VIP;8;0;1600;Card;Dota 2;4.0;0
SESS-15155;2026-08-22 20:58:00;USR-1520;26;Bootcamp;1;0;150;Card;Dota 2;5.0;0
SESS-14508;2026-08-10 17:48:00;USR-1308;15;Bootcamp;12;700;1620;Card;Valorant;5.0;1
SESS-15553;2026-08-09 13:21:00;USR-1688;16;Standard;2;160;200;Card;CS2;4.0;0
SESS-14511;2026-08-01 08:15:00;USR-1483;22;Standard;1;0;90;Card;Minecraft;3.0;1
SESS-12389;2026-08-13 09:30:00;USR-1368;18;Standard;2;0;200;Card;CS2;4.0;0
SESS-14204;2026-08-24 14:01:00;USR-1213;16;VIP;3;460;600;Card;GTA V;1.0;0
SESS-10641;2026-08-16 05:09:00;USR-1050;27;Standard;2;0;180;App;Minecraft;3.0;1
SESS-13128;2026-08-14 01:35:00;USR-1194;14;Standard;1;120;100;Card;Valorant;4.5;0
SESS-15866;2026-08-18 03:17:00;USR-1278;32;VIP;1;0;180;Card;Deadlock;5.0;1
SESS-15171;2026-08-15 19:07:00;USR-1739;28;VIP;8;500;1600;App;Apex Legends;4.5;0
SESS-10763;2026-08-11 05:57:00;USR-1448;34;Standard;1;0;90;App;CS2;5.0;1
SESS-12189;2026-08-13 15:55:00;USR-1421;27;Standard;4;320;400;Card;CS2;4.5;0
SESS-12925;2026-08-05 08:33:00;USR-1644;22; Bootcamp ;2;0;400;Card;PUBG;5.0;0
SESS-10297;2026-08-05 07:25:00;USR-1531;22;PS5;1;80;250;App;PUBG;4.5;0
SESS-10303;2026-08-01 11:55:00;USR-1377;24;Standard;3;0;300;Card;CS2;4.5;0
SESS-12698;2026-08-10 03:21:00;USR-1433;22;PS5;3;600;750;Card;CS2;5.0;0
SESS-13826;2026-08-25 22:58:00;USR-1121;21;VIP;3;0;600;Card;Dota 2;3.0;0
SESS-14294;2026-08-11 03:34:00;USR-1353;25;Standard;2;240;200;Card;Valorant;4.0;0
SESS-16082;2026-08-08 14:34:00;USR-1560;14;Standard;2;0;200;Card;Dota 2;4.5;0
SESS-17110;2026-08-24 19:40:00;USR-1518;24;Standard;4 ч.;0;400;Card;CS2;4.0;0
SESS-16589;2026-08-16 01:38:00;USR-1761;18;Standard;1;0;90;Card;CS2;4.5;1
SESS-10655;2026-08-12 17:11:00;USR-1644;22;Standard;3;360;300;Card;CS2;4.5;0
SESS-12418;2026-08-28 16:59:00;USR-1509;16;Bootcamp;3;0;450;App;Dota 2;4.5;0
SESS-12094;2026-08-18 18:18:00;USR-1484;24;Bootcamp;3 ч.;0;405;App;CS2;5.0;1
SESS-15021;2026-08-15 04:49:00;USR-1161;19;Bootcamp;5;850;750;Card;Minecraft;4.5;0
SESS-15117;2026-08-04 22:39:00;USR-1430;19;VIP;1;300;200;Card;CS2;4.5;0
SESS-15925;2026-08-11 03:56:00;USR-1601;27;Standard;1;0;100;Cash;Valorant;4.0;0
SESS-14714;2026-08-18 15:53:00;USR-1067;23;VIP;3;400;540;Card;Dota 2;4.0;1
SESS-10240;2026-08-31 03:14:00;USR-1432;21;Standard;12;600;1200;Card;Dota 2;4.5;0
SESS-10783;2026-08-16 05:36:00;USR-1017;16;Standard;12;0;1200;App;Dota 2;3.0;0
SESS-11354;2026-08-21 01:20:00;USR-1231;27;VIP;3;250;600;App;Deadlock;5.0;0
SESS-11018;2026-08-19 17:13:00;USR-1792;36;VIP;4;0;800;App;Valorant;4.0;0
SESS-14157;2026-08-25 11:15:00;USR-1699;29;Standard;1;200;100;Card;CS2;5.0;0
SESS-10977;2026-08-12 05:55:00;USR-1750;28;Standard;2;0;200;Card;CS2;4.0;0
SESS-10809;2026-08-14 09:15:00;USR-1194;14;Standard;3;600;300;Card;Valorant;4.5;0
SESS-16084;2026-08-22 17:30:00;USR-1072;15;PS5;2;400;500;Card;CS2;3.0;0
SESS-12184;2026-08-26 11:18:00;USR-1045;23;VIP;2;0;400;Cash;CS2;5.0;0
SESS-10257;2026-08-05 18:58:00;USR-1187;23;Standard;4;200;400;Card;Dota 2;4.0;0
SESS-11599;2026-08-08 00:54:00;USR-1450;19;PS5;1;0;250;Card;Dota 2;2.0;0
SESS-10893;2026-08-19 08:31:00;USR-1222;17;VIP;2;0;400;Card;Valorant;2.0;0
SESS-12124;2026-08-23 16:44:00;USR-1475;26;Standard;2;240;180;Card;Minecraft;4.0;1
SESS-11744;2026-08-09 01:58:00;USR-1381;22;Standard;3;600;300;Card;Dota 2;4.5;0
SESS-14434;2026-08-14 23:08:00;USR-1588;19;Standard;1;50;90;Cash;CS2;4.0;1
SESS-15196;2026-08-14 22:32:00;USR-1216;20;Standard;1;0;100;Cash;Dota 2;3.0;0
SESS-13443;2026-08-05 18:04:00;USR-1284;22;Standard;3;0;300;Card;CS2;4.5;0
SESS-16759;2026-08-20 19:49:00;USR-1678;14;Bootcamp;4;580;600;Card;CS2;4.5;0
SESS-14727;2026-08-12 21:25:00;USR-1699;29;Bootcamp;3;0;450;Card;CS2;4.0;0
SESS-11620;2026-08-05 07:42:00;USR-1173;15;Standard;8;0;720;App;GTA V;3.0;1
SESS-12513;2026-08-27 02:32:00;USR-1608;25;VIP;1;330;200;App;PUBG;1.0;0
SESS-13787;2026-08-04 02:38:00;USR-1299;21;Bootcamp;3;0;450;Cash;CS2;3.0;0
SESS-17178;2026-08-12 12:38:00;USR-1219;20;Bootcamp;12;850;1800;App;PUBG;5.0;0
SESS-11801;2026-08-04 13:55:00;USR-1654;25;VIP;2;650;400;Card;GTA V;4.5;0
SESS-16434;2026-08-19 07:13:00;USR-1067;23;VIP;2;0;400;Card;Dota 2;4.0;0
SESS-12815;2026-08-22 12:49:00;USR-1144;14;Bootcamp;3;0;45О;App;CS2;4.5;0
SESS-13470;2026-08-22 11:40:00;USR-1672;36;Standard;2;0;200;Card;CS2;3.0;0
SESS-12276;2026-08-01 03:46:00;USR-1733;22;Standard;5;400;450;Card;Cyberpunk 2077;4.5;1
SESS-11357;2026-08-25 06:10:00;USR-1689;27;Bootcamp;2;490;300;App;Valorant;4.5;0
SESS-14048;2026-08-05 15:14:00;USR-1779;30;Bootcamp;2;0;300;App;Dota 2;2.0;0
SESS-12809;2026-08-10 17:01:00;USR-1532;27;Standard;3;360;300;Card;GTA V;5.0;0
SESS-17216;2026-08-08 03:56:00;USR-1504;23;Standard;2;400;200;App;Dota 2;5.0;0
SESS-12310;2026-08-10 04:27:00;USR-1295;30;Bootcamp;5;0;750;Card;Deadlock;5.0;0
SESS-16622;2026-08-24 18:58:00;USR-1569;19;Standard;3;0;300;App;Dota 2;4.5;0
SESS-13721;2026-08-31 20:49:00;USR-1577;23;VIP;2;0;400;Card;CS2;5.0;0
SESS-14868;2026-08-18 13:00:00;USR-1497;14;Standard;3;0;300;App;CS2;4.0;0
SESS-12328;2026-08-29 10:14:00;USR-1643;16;Standard;3;0;300;App;Dota 2;3.0;0
SESS-11513;2026-08-27 00:29:00;USR-1775;32;Standard;3;150;300;App;CS2;4.0;0
SESS-14427;2026-08-31 08:55:00;USR-1497;14;Bootcamp;2;0;300;Card;Minecraft;4.5;0
SESS-12691;2026-08-29 11:27:00;USR-1302;16;Standard;2;0;180;App;Deadlock;5.0;1
SESS-15447;2026-08-21 10:05:00;USR-1007;17;Bootcamp;2;500;300;App;Dota 2;5.0;0
SESS-12897;2026-08-14 10:58:00;USR-1100;27;Standard;4;320;360;Card;Valorant;4.0;1
SESS-10367;2026-08-12 20:02:00;USR-1743;30;VIP;2;0;400;App;Minecraft;3.0;0
SESS-16954;2026-08-07 05:50:00;USR-1396;15;VIP;8;0;1600;Card;Dota 2;2.0;0
SESS-13126;2026-08-26 16:29:00;USR-1178;18;Standard;4;0;400;Card;Dota 2;4.0;0
SESS-14489;2026-08-14 02:05:00;USR-1636;16;VIP;2;0;400;Card;Valorant;2.0;0
SESS-14405;2026-08-23 14:53:00;USR-1151;21;Standard;2;0;200;Card;Cyberpunk 2077;5.0;0
SESS-10029;2026-08-24 01:51:00;USR-1527;17;Standard;3;0;300;App;CS2;3.0;0
SESS-14401;2026-08-04 12:31:00;USR-1402;23;Standard;1;0;100;App;Dota 2;3.0;0
SESS-13399;2026-08-20 18:09:00;USR-1673;16;Standard;4;200;400;Card;GTA V;1.0;0
SESS-12458;2026-08-31 02:38:00;USR-1605;22;VIP;2;0;400;Card;Dota 2;4.0;0
SESS-13044;2026-08-23 14:10:00;USR-1339;18;Bootcamp;1;220;150;App;Dota 2;5.0;0
SESS-11092;2026-08-20 02:25:00;USR-1015;23;Bootcamp;4;730;600;App;Minecraft;2.0;0
SESS-15271;2026-08-01 08:42:00;USR-1186;21;Bootcamp;2 часа;350;300;Card;PUBG;3.0;0
SESS-10124;2026-08-14 12:19:00;USR-1735;14;Standard;5;0;500;Card;Dota 2;3.0;0
SESS-13856;2026-08-30 10:29:00;USR-1660;18;Standard;3;0;300;Cash;CS2;4.5;0
SESS-15990;2026-08-25 11:34:00;USR-1353;25;VIP;3;850;600;App;Dota 2;3.0;0
SESS-14626;2026-08-08 21:54:00;USR-1319;19;Bootcamp;3;460;450;Card;Apex Legends;5.0;0
SESS-14601;2026-08-17 23:01:00;USR-1109;22;Standard;8;0;800;Card;Dota 2;5.0;0
SESS-17205;2026-08-14 09:07:00;USR-1172;23;;Standard;3;0;Cash;Deadlock;4.5;0
SESS-13686;2026-08-08 14:35:00;USR-1132;17;Bootcamp;2;0;3ОО;Card;Dota 2;5.0;0
SESS-13207;2026-08-21 06:05:00;USR-1280;19;Standard;3;0;300;App;Dota 2;4.5;0
SESS-11553;2026-08-16 06:34:00;USR-1013;22;Bootcamp;2;0;300;Card;Valorant;5.0;0
SESS-13685;2026-08-31 00:14:00;USR-1084;23;Bootcamp;2;350;270;App;Minecraft;3.0;1
SESS-13250;2026-08-02 16:40:00;USR-1230;17;Standard;5;0;500;Card;Valorant;4.5;0
SESS-10598;2026-08-30 13:48:00;USR-1505;28;Standard;5;400;500;Card;Minecraft;4.0;0
SESS-10075;2026-08-03 23:42:00;USR-1196;18;Bootcamp;2;650;300;App;PUBG;4.0;0
SESS-11339;2026-08-03 18:54:00;USR-1089;17;VIP;2;0;400;Card;Valorant;4.0;0
SESS-11416;2026-08-02 07:13:00;USR-1317;23;VIP;5;850;1000;Card;Minecraft;4.5;0
SESS-13274;2026-08-22 07:57:00;USR-1196;18;Bootcamp;2;490;270;Card;Browser/Work;2.0;1
SESS-16464;2026-08-27 10:16:00;USR-1705;20;Standard;1;80;100;Card;CS2;4.5;0
SESS-16674;2026-08-01 12:38:00;USR-1317;23;Standard;2;0;200;App;Valorant;4.0;0
SESS-13693;2026-08-29 04:52:00;USR-1074;17;PS5;1;0;250;Cash;CS2;5.0;0
SESS-14366;2026-08-26 20:06:00;USR-1693;31;PS5;1;120;250;Card;Minecraft;5.0;0
SESS-14450;2026-08-31 04:25:00;USR-1270;24;VIP;4;900;800;Card;Minecraft;5.0;0
SESS-14855;2026-08-09 05:37:00;USR-1289;14;Bootcamp;3;610;450;Card;Deadlock;5.0;0
SESS-10149;2026-08-16 13:55:00;USR-1322;36;Bootcamp;4;450;600;Cash;Minecraft;4.0;0
SESS-14776;2026-08-02 12:21:00;USR-1226;38;Bootcamp;2;260;270;Card;Deadlock;5.0;1
SESS-13450;2026-08-25 02:30:00;USR-1361;20;Standard;3;0;300;App;CS2;2.0;0
SESS-11557;2026-08-06 01:20:00;USR-1612;31;Standard;3;0;300;Card;Apex Legends;4.5;0
SESS-16384;2026-08-29 23:08:00;USR-1622;23;Bootcamp;1;0;150;App;Valorant;4.0;0
SESS-10453;2026-08-26 17:23:00;USR-1334;24;Bootcamp;2;490;270;Card;Valorant;2.0;1
SESS-17157;2026-08-25 02:29:00;USR-1574;20;VIP;1;150;200;Card;CS2;5.0;0
SESS-16017;2026-08-11 14:27:00;USR-1745;18;Standard;2;400;200;Card;Minecraft;4.5;0
SESS-10415;2026-08-19 17:39:00;USR-1451;25;VIP;3;850;600;Card;CS2;4.5;0
SESS-13203;2026-08-04 18:27:00;USR-1405;23;VIP;2;0;400;Card;Valorant;5.0;0
SESS-13978;2026-08-18 05:55:00;USR-1658;20;Bootcamp;5;850;750;Card;Dota 2;4.5;0
SESS-10808;2026-08-05 03:05:00;USR-1735;14;PS5;8;0;1800;Card;GTA V;4.0;1
SESS-13143;2026-08-10 13:24:00;USR-1698;15;ps5;4;0;400;Cash;Apex Legends;5.0;0
SESS-13861;2026-08-31 02:21:00;USR-1457;36;Standard;5;0;500;Card;Dota 2;4.5;0
SESS-10958;2026-08-26 22:34:00;USR-1052;3;Standard;-2;0;200;Card;Dota 2;1.0;0
SESS-15995;2026-08-11 17:15:00;USR-1145;18;PS5;3;0;675;App;Deadlock;1.0;1
SESS-13208;2026-08-28 19:36:00;USR-1592;20;Bootcamp;2;0;300;Card;Valorant;4.5;0
SESS-10810;08/12/26;USR-1109;22;Standard;2;0;200;Card;Minecraft;4.0;0
SESS-10834;2026-08-10 12:03:00;USR-1631;21;Standard;12;0;1080;Card;Valorant;5.0;1
SESS-14071;2026-08-26 10:25:00;USR-1110;17;Bootcamp;2;0;300;Card;Cyberpunk 2077;4.5;0
SESS-12291;2026-08-25 18:33:00;USR-1039;20;VIP;3;400;540;Card;Dota 2;3.0;1
SESS-11235;2026-08-08 15:30:00;USR-1156;45;Bootcamp;5;850;675;Card;CS2;5.0;1
SESS-11225;2026-08-07 16:30:00;USR-1020;18;Standard;8;0;720;App;Valorant;4.0;1
SESS-16286;2026-08-18 10:33:00;USR-1776;16;Standard;3;360;300;App;CS2;5.0;0
SESS-13689;2026-08-16 21:10:00;USR-1341;16;PS5;1;0;250;Card;Apex Legends;1.0;0
SESS-16543;2026-08-27 21:58:00;USR-1742;22;Standard;2;160;200;Card;Dota 2;4.0;0
SESS-16722;2026-08-31 19:23:00;USR-1384;19;PS5;12;0;2700;Card;Dota 2;4.0;1
SESS-13605;2026-08-26 11:06:00;USR-1309;23;Standard;2;400;200;App;CS2;4.0;0
SESS-14604;2026-08-29 23:45:00;USR-1116;35;Standard;4;800;400;Card;CS2;1.0;0
SESS-15381;2026-08-25 12:16:00;USR-1259;21;VIP;2;0;400;App;Apex Legends;4.0;0
SESS-15702;2026-08-10 18:22:00;USR-1752;24;Standard;2;0;200;App;Dota 2;4.0;0
SESS-11657;2026-08-24 17:55:00;USR-1289;14;PS5;1;50;250;Card;Apex Legends;3.0;0
SESS-12306;2026-08-04 03:11:00;USR-1360;15;Standard;1;200;100;Card;CS2;4.0;0
SESS-10452;2026-08-29 06:49:00;USR-1060;18;Standard;2;0;180;App;Dota 2;4.5;1
SESS-12080;2026-08-06 22:41:00;USR-1354;15;VIP;1;0;200;Card;PUBG;3.0;0
SESS-10422;2026-08-10 10:21:00;USR-1492;16;VIP;12;1060;2400;Card;CS2;4.0;0
SESS-11220;2026-08-19 22:19:00;USR-1254;22;Standard;3;0;300;Card;CS2;5.0;0
SESS-16702;2026-08-23 07:11:00;USR-1334;24;Standard;2;0;200;Cash;Dota 2;4.0;0
SESS-15845;2026-08-11 05:34:00;USR-1241;14;Standard;2;0;180;Card;Minecraft;4.0;1
SESS-10251;2026-08-11 11:35:00;USR-1324;14;Standard;12;0;1080;Card;CS2;4.0;1
SESS-14622;2026-08-11 05:48:00;USR-1360;15;Bootcamp;12;0;1620;Card;Minecraft;3.0;1
SESS-10102;2026-08-21 05:47:00;USR-1780;22;PS5;1;80;250;Card;Dota 2;4.5;0
SESS-14617;2026-08-08 21:29:00;USR-1576;36;Standard;2;0;180;App;CS2;4.0;1
SESS-13580;2026-08-25 14:51:00;USR-1556;18;Standard;1;200;100;App;CS2;4.5;0
SESS-11580;2026-08-10 05:05:00;USR-1347;21;Standard;2;0;180;Card;Deadlock;3.0;1
SESS-13866;2026-08-09 17:25:00;USR-1798;16;Standard;1;120;100;App;Cyberpunk 2077;4.5;0
SESS-15564;2026-08-03 16:04:00;USR-1521;20;PS5;4;320;1000;Card;Dota 2;4.0;0
SESS-10135;04.08.2026;USR-1446;24;Standard;3;0;300;Cash;Dota 2;4.5;0
SESS-12885;2026-08-16 11:09:00;USR-1184;23;VIP;2;260;360;Card;CS2;3.0;1
SESS-14252;2026-08-19 06:35:00;USR-1116;35;Standard;4;480;360;Card;Valorant;4.0;1
SESS-11310;2026-08-02 05:27:00;USR-1503;19;Standard;3;240;300;App;Deadlock;4.5;0
SESS-16788;2026-08-25 11:33:00;USR-1546;29;Bootcamp;1;300;150;Card;GTA V;3.0;0
SESS-14129;2026-08-13 09:32:00;USR-1422;17;VIP ;4;200;400;App;Deadlock;4.5;0
SESS-12142;2026-08-29 23:17:00;USR-1652;27;VIP;5;0;1000;Card;Dota 2;4.0;0
SESS-16167;2026-08-03 22:53:00;USR-1203;25;Bootcamp;1;300;150;Card;Deadlock;4.5;0
SESS-14814;2026-08-06 16:46:00;USR-1144;14;Standard;2;0;180;App;Dota 2;5.0;1
SESS-11935;2026-08-03 15:21:00;USR-1555;22;PS5;12;0;2700;Card;CS2;4.0;1
SESS-13296;2026-08-18 03:04:00;USR-1422;17;Standard;3;0;300;Card;CS2;4.0;0
SESS-12439;2026-08-27 15:52:00;USR-1071;14;Standard;1;80;100;Card;CS2;3.0;0
SESS-12478;2026-08-06 16:15:00;USR-1611;14;Bootcamp;2;0;300;Card;Dota 2;4.5;0
SESS-10807;2026-08-15 06:13:00;USR-1754;20;Standard;2;0;200;App;CS2;4.0;0
SESS-12045;2026-08-09 13:44:00;USR-1583;21;Standard;3;0;300;App;Apex Legends;5.0;0
SESS-13528;2026-08-29 20:31:00;USR-1084;23;Standard;3;600;300;Card;PUBG;4.0;0
SESS-10462;2026-08-04 19:18:00;USR-1415;20;VIP;1;330;200;Card;CS2;1.0;0
SESS-11956;2026-08-18 08:20:00;USR-1574;20;VIP;3;0;600;Card;CS2;4.0;0
SESS-13260;2026-08-07 12:00:00;USR-1199;26;Standard;2;0;200;Card;CS2;3.0;0
SESS-10799;2026-08-12 02:38:00;USR-1273;14;Bootcamp;2;200;270;Card;CS2;4.5;1
SESS-13106;2026-08-26 06:02:00;USR-1402;23;VIP;3;0;540;Card;Valorant;4.5;1
SESS-11073;2026-08-19 20:49:00;USR-1306;17;Standard;5;600;450;App;Valorant;4.5;1
SESS-10144;2026-08-03 23:28:00;USR-1779;30;Bootcamp;1;0;150;Cash;CS2;4.0;0
SESS-11340;2026-08-16 11:59:00;USR-1228;19;Bootcamp;5;500;750;Card;Dota 2;4.0;0
SESS-16519;2026-08-10 14:41:00;USR-1259;21;PS5;2;0;450;Card;Dota 2;3.0;1
SESS-15483;2026-08-05 14:32:00;USR-1243;16;Bootcamp;1;180;135;App;Minecraft;4.0;1
SESS-12091;2026-08-03 20:02:00;USR-1040;16;VIP;3;0;540;Card;Valorant;4.5;1
SESS-14672;2026-08-23 15:31:00;USR-1259;21;Bootcamp;3;0;450;App;Apex Legends;5.0;0
SESS-12646;2026-08-27 21:35:00;USR-1270;24;Standard;3;0;300;App;Deadlock;5.0;0
SESS-16786;2026-08-27 09:13:00;USR-1077;18;VIP;2;260;400;Card;Valorant;4.5;0
SESS-15014;2026-08-19 23:35:00;USR-1730;25;Standard;3;0;300;Cash;CS2;3.0;0
SESS-12515;2026-08-25 19:19:00;USR-1717;17;Bootcamp;2;410;300;Card;Dota 2;4.5;0
SESS-11003;2026-08-11 08:49:00;USR-1254;22;Standard;1;0;100;Card;Minecraft;4.5;0
SESS-17052;2026-08-12 16:13:00;USR-1188;26;PS5;3;0;750;Card;Valorant;5.0;0
SESS-12615;2026-08-04 07:01:00;USR-1293;27;Bootcamp;1;370;135;Card;Dota 2;5.0;1
SESS-10555;2026-08-01 18:16:00;USR-1460;28;Standard;2;400;200;Cash;CS2;5.0;0
SESS-16355;2026-08-24 10:43:00;USR-1375;22;VIP;3;250;600;App;GTA V;3.0;0
SESS-11485;2026-08-06 12:33:00;USR-1644;22;Standard;5;250;500;App;Minecraft;5.0;0
SESS-15374;2026-08-23 23:13:00;USR-1799;20;Standard;12;2400;1200;App;Valorant;4.0;0
SESS-11272;2026-08-30 07:16:00;USR-1455;31;PS5;8;0;2000;App;GTA V;4.0;0
SESS-11411;2026-08-14 18:25:00;USR-1538;16;Standard;1;0;100;Card;Minecraft;2.0;0
SESS-16894;2026-08-24 21:37:00;USR-1077;18;Standard;3;360;300;App;CS2;2.0;0
SESS-11471;2026-08-21 14:52:00;USR-1309;23;Standard;3;360;300;App;Apex Legends;1.0;0
SESS-15902;2026-08-26 10:25:00;USR-1740;14;PS5;1;0;225;Cash;CS2;4.0;1
SESS-12722;2026-08-13 19:16:00;USR-1766;33;Bootcamp;2;0;270;Card;Apex Legends;4.5;1
SESS-14464;2026-08-25 07:04:00;USR-1085;38;Bootcamp;8;0;1200;Card;Browser/Work;;0
SESS-16924;2026-08-18 12:27:00;USR-1488;16;Standard;1;50;100;Card;Valorant;4.0;0
SESS-16647;2026-08-07 20:42:00;USR-1568;21;Standard;3;0;300;Card;CS2;5.0;0
SESS-13290;2026-08-09 10:39:00;USR-1282;28;Bootcamp;3;400;450;Card;PUBG;4.5;0
SESS-10981;2026-08-25 10:45:00;USR-1107;16;Standard;3;0;300;App;CS2;5.0;0
SESS-16403;2026-08-09 11:34:00;USR-1241;14;Standard;3;240;270;Card;CS2;3.0;1
SESS-12488;2026-08-22 21:37:00;USR-1471;21;Standard;1;120;100;Card;PUBG;4.0;0
SESS-16656;2026-08-02 06:21:00;USR-1151;21;Standard;3;600;300;Card;PUBG;4.5;0
SESS-11268;2026-08-12 05:37:00;USR-1170;14;PS5;3;0;750;Card;CS2;2.0;0
SESS-12826;2026-08-05 10:16:00;USR-1016;14;Bootcamp;1;0;135;Card;CS2;2.0;1
SESS-10268;2026-08-12 05:35:00;USR-1527;17;Bootcamp;3;0;450;;Deadlock;4.5;0
SESS-10654;2026-08-12 01:55:00;USR-1201;15;Bootcamp;4;300;600;Card;CS2;4.5;0
SESS-15683;2026-08-08 07:53:00;USR-1376;16;Bootcamp;2;0;300;Card;Dota 2;5.0;0
SESS-16068;2026-08-08 09:12:00;USR-1562;24;Standard;4;0;360;Card;CS2;5.0;1
SESS-14086;2026-08-09 14:31:00;USR-1771;21;Standard;1;0;90;Card;CS2;4.5;1
SESS-12799;2026-08-12 05:30:00;USR-1592;20;Bootcamp;3;400;450;App;Minecraft;4.0;0
SESS-10589;2026-08-02 22:52:00;USR-1376;16;Standard;4;0;400;App;Dota 2;4.0;0
SESS-15682;2026-08-16 07:24:00;USR-1335;21;VIP;3;340;600;Card;Dota 2;4.5;0
SESS-13213;2026-08-02 21:36:00;USR-1401;14;Standard;1;120;100;Card;CS2;4.5;0
SESS-14369;2026-08-24 01:55:00;USR-1304;22;PS5;2;0;500;App;Dota 2;4.0;0
SESS-14128;2026-08-14 19:25:00;USR-1180;17;Standard;2;0;200;Card;Minecraft;5.0;0
SESS-14883;2026-08-27 01:08:00;USR-1225;26;VIP;2;0;360;App;CS2;4.0;1
SESS-15599;2026-08-22 08:52:00;USR-1070;22;VIP;1;300;200;Card;CS2;5.0;0
SESS-12825;2026-08-18 05:55:00;USR-1791;25;Standard;3;240;300;;CS2;3.0;0
SESS-14309;2026-08-10 10:01:00;USR-1197;24;Standard;2;0;200;App;Valorant;4.5;0
SESS-16496;2026-08-24 23:55:00;USR-1185;24;PS5;4;0;1000;Card;CS2;4.5;0
SESS-16573;17.08.2026;USR-1217;14;PS5;1;0;225;App;Minecraft;4.5;1
SESS-13089;2026-08-17 10:52:00;USR-1006;35;VIP;~2;410;400;Card;Dota 2;4.5;0
SESS-10677;2026-08-20 03:28:00;USR-1618;30;;Standard;1;50;App;Apex Legends;1.0;0
SESS-14352;2026-08-12 11:45:00;USR-1798;16;VIP;2;500;400;Card;Valorant;3.0;0
SESS-15059;2026-08-18 04:26:00;USR-1418;16; Bootcamp ;4;0;400;Card;CS2;4.5;0
SESS-12977;2026-08-06 03:32:00;USR-1115;32;VIP;3;0;600;Card;CS2;4.0;0
SESS-13382;2026-08-22 09:10:00;USR-1093;17;VIP;3;0;600;Card;Deadlock;5.0;0
SESS-15345;2026-08-29 16:18:00;USR-1542;23;Standard;2;240;200;App;Valorant;4.0;0
SESS-16662;2026-08-24 04:30:00;USR-1790;23;Standard;12;2400;1200;Card;CS2;2.0;0
SESS-14587;2026-08-10 08:09:00;USR-1262;27;Standard;12;0;1080;Card;Valorant;5.0;1
SESS-13153;2026-08-03 18:21:00;USR-1251;14;Bootcamp;2;350;300;Card;CS2;5.0;0
SESS-13424;2026-08-20 15:47:00;USR-1649;16;VIP;1;300;200;Card;Deadlock;5.0;0
SESS-14582;2026-08-18 10:47:00;USR-1249;16;Standard;1;0;100;Card;Browser/Work;3.0;0
SESS-12432;2026-08-14 10:59:00;USR-1540;26;Standard;3;600;270;Card;Apex Legends;4.5;1
SESS-15065;15.08.2026;USR-1537;16;VIP;2;0;360;Card;PUBG;5.0;1
SESS-11611;2026-08-30 22:43:00;USR-1106;15;Bootcamp;1;0;135;Cash;Dota 2;5.0;1
SESS-16644;2026-08-11 05:11:00;USR-1135;36;Bootcamp;3;0;450;App;CS2;5.0;0
SESS-12280;2026-08-05 04:01:00;USR-1124;23;PS5;8;0;2000;Card;CS2;4.0;0
SESS-12874;2026-08-03 18:22:00;USR-1061;16;Standard;3;0;300;Card;Valorant;4.5;0
SESS-13758;2026-08-10 02:59:00;USR-1562;24;VIP;3;0;600;Card;Dota 2;5.0;0
SESS-17034;2026-08-13 15:31:00;USR-1796;26;Standard;1;50;90;Card;GTA V;5.0;1
SESS-13408;2026-08-08 23:49:00;USR-1612;31;PS5;1;0;225;Card;CS2;4.0;1
SESS-10605;2026-08-29 13:03:00;USR-1729;17;Bootcamp;3;850;405;Card;Dota 2;1.0;1
SESS-16829;2026-08-29 00:53:00;USR-1190;26;Standard;4;0;400;;PUBG;4.5;0
SESS-14102;2026-08-21 23:09:00;USR-1537;16;PS5;2;0;500;Card;Minecraft;1.0;0
SESS-11468;2026-08-19 18:06:00;USR-1170;14;Bootcamp;4;0;600;Card;Valorant;5.0;0
SESS-15549;2026-08-11 17:13:00;USR-1594;15;Standard;5;0;500;Card;Minecraft;1.0;0
SESS-17093;2026-08-12 07:34:00;USR-1296;17;Standard;4;200;400;App;Valorant;4.0;0
SESS-15055;2026-08-15 00:36:00;USR-1052;15;Bootcamp;3;0;450;Card;Dota 2;4.0;0
SESS-16245;2026-08-29 13:14:00;USR-1353;25;ps5;2;0;400;Cash;Dota 2;4.5;0
SESS-15905;2026-08-13 03:17:00;USR-1434;21;Standard;1;50;100;App;CS2;4.5;0
SESS-15598;2026-08-29 15:31:00;USR-1017;16;Bootcamp;1;0;150;Card;Dota 2;4.0;0
SESS-12155;2026-08-31 14:03:00;USR-1276;36;PS5;2;160;450;Card;Valorant;5.0;1
SESS-16724;2026-08-29 20:06:00;USR-1608;25;VIP;8;1850;1600;App;Valorant;;0
SESS-17227;2026-08-19 17:15:00;USR-1121;21;;Standard;1;0;Card;Dota 2;2.0;0
SESS-12077;2026-08-18 13:30:00;USR-1305;19;VIP;2;0;400;Card;CS2;2.0;0
SESS-13622;2026-08-06 03:35:00;USR-1375;22;VIP;3;0;600;Card;CS2;2.0;0
;2026-08-18 10:21:00;USR-1040;16;Standard;2;400;180;Card;Dota 2;4.0;1
SESS-13194;2026-08-25 14:47:00;USR-1083;16;Standard;1;120;100;Card;Apex Legends;1.0;0
SESS-13649;2026-08-24 04:04:00;USR-1204;14;;Bootcamp;3;460;Card;Minecraft;5.0;1
SESS-10584;2026-08-12 18:20:00;USR-1047;32;Standard;3;240;270;Card;Valorant;4.0;1
SESS-13684;2026-08-20 23:48:00;USR-1300;21;Standard;5;0;500;Card;CS2;4.5;0
SESS-14630;2026-08-03 07:16:00;USR-1303;27;PS5;2;160;500;Card;Dota 2;;0
SESS-16669;2026-08-11 22:51:00;USR-1663;21;Standard;1;0;100;Card;PUBG;3.0;0
SESS-13535;2026-08-09 14:51:00;USR-1498;24;Standard;4;320;360;Card;Dota 2;5.0;1
SESS-15837;2026-08-27 10:29:00;USR-1634;28;VIP;4;420;800;Card;CS2;2.0;0
SESS-14803;2026-08-16 07:08:00;USR-1476;16;Standard;4;0;400;Card;CS2;3.0;0
SESS-16208;2026-08-31 04:53:00;USR-1552;30;Standard;3;0;300;Card;CS2;5.0;0
SESS-13613;2026-08-18 19:25:00;USR-1664;15;Standard;12;960;1200;Card;CS2;4.0;0
SESS-13973;2026-08-22 09:53:00;USR-1574;20;VIP;3;340;600;App;Minecraft;;0
SESS-13852;2026-08-11 21:48:00;USR-1368;18;Standard;2;0;200;Card;CS2;5.0;0
SESS-17269;2026-08-24 09:13:00;USR-1441;21;Bootcamp;8;1210;1200;Card;Dota 2;4.5;0
SESS-15300;2026-08-05 05:54:00;USR-1354;15;VIP;3;0;600;Cash;CS2;3.0;0
SESS-10344;2026-08-13 04:30:00;USR-1349;20;Standard;3;0;300;Card;Valorant;4.5;0
SESS-12678;2026-08-27 14:16:00;USR-1089;17;VIP;12;0;2400;Cash;Valorant;4.0;0
SESS-14359;2026-08-08 04:12:00;USR-1424;20;Standard;2;0;180;Card;Minecraft;5.0;1
SESS-13076;2026-08-13 08:31:00;USR-1575;16;VIP;3;0;540;Card;Dota 2;4.0;1
SESS-17079;2026-08-02 12:43:00;USR-1396;15;Standard;2;240;2ОО;App;GTA V;4.0;0
SESS-15111;2026-08-11 01:48:00;USR-1154;22;Standard;4;0;400;Card;Minecraft;4.5;0
SESS-15836;2026-08-23 17:16:00;USR-1243;16;PS5;3;600;750;App;CS2;3.0;0
SESS-17139;2026-08-09 04:38:00;USR-1542;23;VIP;2;0;360;Card;Dota 2;4.0;1
SESS-15517;2026-08-06 03:57:00;USR-1569;19;VIP;2;500;360;Card;PUBG;4.5;1
SESS-10090;2026-08-01 09:06:00;USR-1693;31;Bootcamp;1;0;135;App;Dota 2;5.0;1
SESS-13357;2026-08-28 23:51:00;USR-1545;25;Standard;3;150;300;Card;CS2;4.0;0
SESS-13846;2026-08-10 15:21:00;USR-1753;22;VIP;5;0;1000;Card;CS2;4.0;0
SESS-14661;2026-08-24 00:33:00;USR-1139;16;Standard;12;600;1200;Card;Minecraft;4.0;0
SESS-12968;2026-08-03 18:21:00;USR-1582;19;Standard;3;0;300;Card;Dota 2;5.0;0
SESS-12117;2026-08-03 10:54:00;USR-1238;30;Bootcamp;2;260;3ОО;App;CS2;5.0;0
SESS-15058;2026-08-18 05:39:00;USR-1731;19;Standard;5;400;500;Cash;Dota 2;4.0;0
SESS-15722;2026-08-21 07:48:00;USR-1132;17;VIP;2;0;400;App;Dota 2;5.0;0
SESS-14313;2026-08-24 18:52:00;USR-1768;22;Standard;3;0;300;App;CS2;4.5;0
SESS-16496;2026-08-24 23:55:00;USR-1185;24;PS5;4;0;1000;Card;CS2;4.5;0
SESS-10947;2026-08-19 09:11:00;USR-1134;22;PS5;12;0;3000;Card;CS2;4.0;0
SESS-16964;2026-08-24 04:59:00;USR-1600;20;Standard;3;0;270;Cash;Minecraft;3.0;1
SESS-14990;2026-08-30 12:01:00;USR-1097;19;VIP;2;0;400;Card;Dota 2;4.0;0
SESS-13733;02.08.2026;USR-1354;15;VIP;2;0;360;Card;CS2;5.0;1
SESS-16145;2026-08-30 07:23:00;USR-1244;26;Bootcamp;1;0;150;App;Minecraft;4.0;0
SESS-16343;2026-08-08 00:47:00;USR-1055;24;Standard;2;0;200;Card;PUBG;4.0;0
SESS-12807;2026-08-11 22:02:00;USR-1464;18;Bootcamp;12;1540;1800;App;PUBG;2.0;0
SESS-12996;2026-08-23 23:03:00;USR-1754;20;Standard;1;0;100;Card;Apex Legends;5.0;0
SESS-16918;2026-08-18 22:00:00;USR-1791;25;Bootcamp;1;0;150;Card;CS2;4.5;0
SESS-15557;2026-08-27 18:17:00;USR-1530;21;PS5;3;150;750;Card;Dota 2;4.5;0
SESS-15026;2026-08-14 07:01:00;USR-1535;17;VIP;4;0;800;Card;Valorant;3.0;0
SESS-16840;2026-08-14 06:20:00;USR-1543;24;Standard;2;400;180;Card;CS2;5.0;1
SESS-15013;2026-08-06 22:58:00;USR-1031;24;Bootcamp;2;0;300;App;PUBG;3.0;0
SESS-12083;2026-08-08 10:20:00;USR-1398;16;VIP;4;0;800;Card;Minecraft;4.0;0
SESS-15277;2026-08-21 00:49:00;USR-1699;29;VIP;4;0;800;Card;Apex Legends;4.0;0
SESS-13268;2026-08-31 02:33:00;USR-1789;20;PS5;2;0;500;Card;Minecraft;4.0;0
SESS-15712;2026-08-06 20:23:00;USR-1494;15;Bootcamp;1;150;135;App;Minecraft;4.0;1
SESS-14447;2026-08-15 13:05:00;USR-1484;24;Standard;3;0;300;Card;Dota 2;5.0;0
SESS-13909;2026-08-22 19:59:00;USR-1688;16;PS5;2;0;500;App;Dota 2;4.5;0
SESS-13181;2026-08-27 07:51:00;USR-1535;17;Bootcamp;4;300;540;Card;CS2;4.5;1
SESS-12570;2026-08-15 05:15:00;USR-1529;16;VIP;4;0;720;Card;CS2;4.0;1
SESS-16063;2026-08-11 06:39:00;USR-1720;27;Standard;8;640;800;Card;CS2;4.5;0
SESS-14092;2026-08-25 12:46:00;USR-1211;26;Standard;3;360;270;Card;Deadlock;5.0;1
SESS-15403;2026-08-03 02:31:00;USR-1285;14;PS5;4;480;900;Card;CS2;5.0;1
SESS-14424;2026-08-14 03:09:00;USR-1652;27;Bootcamp;2;340;300;App;Dota 2;4.0;0
SESS-11186;2026-08-22 21:53:00;USR-1759;20;Bootcamp;3;0;450;Card;Valorant;5.0;0
SESS-13994;2026-08-25 11:39:00;USR-1393;35;Bootcamp;1;0;150;Card;Valorant;4.5;0
SESS-15410;2026-08-04 06:40:00;USR-1198;20;Standard;8;0;800;Card;Dota 2;5.0;0
SESS-16244;2026-08-16 23:57:00;USR-1596;18;Bootcamp;1;330;135;Cash;CS2;4.5;1
SESS-15738;2026-08-08 15:25:00;USR-1082;32;Bootcamp;8;500;1080;Card;CS2;4.5;1
SESS-10151;2026-08-03 14:37:00;USR-1299;21;Bootcamp;2;0;270;Card;Apex Legends;4.5;1
SESS-10915;2026-08-27 23:13:00;USR-1266;24;PS5;2;240;500;Cash;Valorant;4.0;0
SESS-11305;2026-08-26 13:12:00;USR-1280;19;Standard;4;0;400;Card;Minecraft;4.0;0
SESS-12531;2026-08-31 04:28:00;USR-1540;26;Bootcamp;1;0;150;Card;Dota 2;4.0;0
SESS-16026;2026-08-17 19:47:00;USR-1735;14;Bootcamp;3;0;450;Cash;Valorant;3.0;0
SESS-15875;2026-08-17 11:38:00;USR-1169;15;Standard;12;0;1200;App;CS2;4.0;0
SESS-14965;2026-08-12 05:57:00;USR-1070;22;Standard;1;120;100;Card;CS2;5.0;0
SESS-11398;2026-08-18 07:27:00;USR-1409;28;;PS5;3;600;Card;Valorant;2.0;0
SESS-10183;2026-08-29 01:30:00;USR-1198;20;Standard;2;0;180;Card;CS2;4.0;1
SESS-13560;2026-08-18 11:59:00;USR-1661;34;Standard;8;0;800;Card;CS2;3.0;0
SESS-12862;2026-08-10 12:43:00;USR-1247;22;VIP;2;260;400;Card;Valorant;4.5;0
SESS-12692;2026-08-19 18:44:00;USR-1138;19;Standard;12;0;1200;App;Dota 2;2.0;0
SESS-10471;2026-08-29 00:43:00;USR-1264;20;Standard;2;160;200;App;Valorant;4.0;0
SESS-10967;2026-08-14 04:25:00;USR-1445;15;Standard;1;200;100;Card;Valorant;5.0;0
SESS-10209;2026-08-20 03:41:00;USR-1000;14;Bootcamp;4;0;600;Card;Apex Legends;5.0;0
SESS-11961;2026-08-26 07:44:00;USR-1301;23;Standard;3;600;300;Card;CS2;4.5;0
SESS-10896;2026-08-26 04:21:00;USR-1125;30;Bootcamp;2;0;300;Card;GTA V;4.5;0
SESS-15710;2026-08-19 23:50:00;USR-1695;37;Bootcamp;1;0;150;App;CS2;5.0;0
SESS-17056;2026-08-28 15:18:00;USR-1478;25;Standard;1;50;100;Card;Valorant;4.5;0
SESS-14600;2026-08-12 12:09:00;USR-1457;36;Standard;3;150;300;Card;Valorant;4.5;0
SESS-11773;2026-08-12 11:43:00;USR-1553;17;PS5;1;0;250;Card;Valorant;5.0;0
SESS-14266;2026-08-11 23:44:00;USR-1649;16;Standard;2;0;200;Card;Valorant;5.0;0
SESS-11209;2026-08-25 16:54:00;USR-1514;14;Bootcamp;2;0;300;Card;PUBG;4.0;0
SESS-13985;2026-08-31 16:38:00;USR-1389;15;Bootcamp;1;0;150;App;CS2;5.0;0
SESS-16720;2026-08-05 18:27:00;USR-1501;16;Standard;12;1440;1200 руб.;Card;CS2;4.5;0
SESS-17193;2026-08-13 06:40:00;USR-1108;33;Standard;1;0;100;Card;Apex Legends;5.0;0
SESS-11251;2026-08-09 23:16:00;USR-1100;27;Bootcamp;3;0;450;App;CS2;3.0;0
SESS-13383;2026-08-19 11:39:00;USR-1471;21;Standard;1;200;100;Card;Deadlock;3.0;0
SESS-17081;2026-08-10 02:18:00;USR-1600;20;Standard;1;50;90;Card;Dota 2;4.0;1
SESS-12835;2026-08-28 14:09:00;USR-1623;22;Standard;3;0;270;Card;CS2;4.0;1
SESS-14536;2026-08-27 12:15:00;USR-1268;140;Standard;999;400;500;App;Apex Legends;4.0;0
SESS-13855;2026-08-01 12:28:00;USR-1634;28;Bootcamp;8;650;1200;Card;CS2;4.5;0
SESS-10292;2026-08-26 18:37:00;USR-1417;19;PS5;2;0;500;Cash;Dota 2;5.0;0
SESS-16980;2026-08-01 03:55:00;USR-1064;19;Standard;1;50;100;App;CS2;4.0;0
SESS-13771;2026-08-24 21:32:00;USR-1711;21;VIP;3;610;600;Card;Dota 2;3.0;0
SESS-12457;2026-08-08 08:10:00;USR-1022;20;Bootcamp;3;0;450;Card;CS2;4.0;0
SESS-13308;2026-08-30 14:25:00;USR-1331;15;Standard;2;100;180;Card;Minecraft;4.0;1
SESS-10272;2026-08-06 00:03:00;USR-1372;33;Bootcamp;4;0;600;App;Dota 2;4.0;0
SESS-12042;2026-08-30 16:45:00;USR-1656;35;Standard;4;200;400;Card;CS2;5.0;0
SESS-13871;2026-08-13 11:16:00;USR-1190;26;Standard;2;0;200;App;Valorant;4.5;0
SESS-12354;2026-08-22 20:19:00;USR-1075;14;VIP;1;300;200;Card;PUBG;4.0;0
SESS-12580;2026-08-16 16:30:00;USR-1011;39;Bootcamp;12;1540;1800;App;Dota 2;3.0;0
SESS-12664;2026-08-26 03:21:00;USR-1622;23;Standard;2;0;200;Card;CS2;4.0;0
SESS-11086;2026-08-28 04:19:00;USR-1345;26;Bootcamp;2;410;300;App;Dota 2;4.5;0
SESS-13184;2026-08-25 23:39:00;USR-1461;27;Standard;2;100;200;App;Valorant;4.0;0
SESS-15192;2026-08-01 17:30:00;USR-1714;18;Standard;2;0;200;Card;Apex Legends;4.0;0
SESS-14952;2026-08-28 03:34:00;USR-1679;15;Bootcamp;2;200;300;Card;CS2;4.5;0
SESS-15389;2026-08-08 10:10:00;USR-1507;22;Standard;12;0;1200;Card;Valorant;5.0;0
SESS-13012;2026-08-25 09:06:00;USR-1485;17;Standard;2;0;200;Card;CS2;4.5;0
SESS-13148;2026-08-01 01:08:00;USR-1453;26;VIP;2;350;400;Cash;Dota 2;4.5;0
SESS-17312;2026-08-03 02:11:00;USR-1680;17;Standard;1;50;100;Card;Minecraft;5.0;0
SESS-16141;2026-08-25 04:00:00;USR-1733;22;Standard;2;240;180;Card;Browser/Work;5.0;1
SESS-16868;2026-08-06 23:42:00;USR-1502;28;Standard;2;0;200;App;Deadlock;5.0;0
SESS-16424;2026-08-11 01:40:00;USR-1045;23;Bootcamp;2;0;270;App;Dota 2;3.0;1
SESS-12492;2026-08-09 18:46:00;USR-1623;22;Bootcamp;2;260;300;Card;CS2;3.0;0
SESS-17297;2026-08-15 09:40:00;USR-1366;24;PS5;2;240;500;App;CS2;5.0;0
SESS-10613;2026-08-15 19:28:00;USR-1183;22;Standard;3;240;300;App;CS2;4.0;0
SESS-16252;2026-08-09 22:27:00;USR-1581;18;Bootcamp;8;0;1080;App;Cyberpunk 2077;4.0;1
SESS-14787;2026-08-30 16:32:00;USR-1456;20;Standard;2;100;200;Card;Valorant;5.0;0
SESS-17292;2026-08-20 12:08:00;USR-1494;15;Standard;2;100;200;Card;Dota 2;1.0;0
SESS-14205;2026-08-09 14:33:00;USR-1607;17;Standard;3;360;300;Card;Valorant;5.0;0
SESS-14404;2026-08-01 11:44:00;USR-1258;25;Standard;3;600;300;Card;CS2;1.0;0
SESS-11748;2026-08-09 08:26:00;USR-1437;15;Standard;3;0;300;Card;CS2;4.0;0
SESS-16805;2026-08-27 01:59:00;USR-1168;16;Bootcamp;8;0;1200;Cash;Dota 2;5.0;0
SESS-13433;2026-08-23 05:10:00;USR-1557;18;Standard;2;400;200;App;Dota 2;3.0;0
SESS-16473;2026-08-25 04:20:00;USR-1755;28;VIP;2;0;400;Card;GTA V;2.0;0
SESS-16503;2026-08-08 08:03:00;USR-1165;14;Standard;2;240;200;App;Dota 2;4.5;0
SESS-12154;2026-08-08 07:42:00;USR-1647;27;VIP;4;0;800;App;Valorant;4.5;0
SESS-11344;08/11/26;USR-1034;16;Standard;1;50;90;Card;Valorant;3.0;1
SESS-17298;2026-08-21 15:32:00;USR-1003;24;Bootcamp;2;490;300;App;CS2;5.0;0
SESS-15887;2026-08-13 19:07:00;USR-1585;22;Standard;2;100;180;Card;Minecraft;5.0;1
SESS-12399;2026-08-28 07:46:00;USR-1710;16;VIP;1;450;180;Card;Apex Legends;5.0;1
SESS-10952;2026-08-17 00:24:00;USR-1017;16;VIP;5;500;900;Card;CS2;5.0;1
SESS-16054;2026-08-12 22:34:00;USR-1322;36;VIP;4;900;800;App;CS2;5.0;0
SESS-11504;2026-08-26 15:37:00;USR-1035;17;VIP;1;220;200;Card;Dota 2;4.5;0
SESS-12942;2026-08-04 13:56:00;USR-1013;22;PS5;1;0;225;Card;Dota 2;4.0;1
SESS-11565;2026-08-14 15:41:00;USR-1260;21;Standard;3;360;300;Card;PUBG;5.0;0
SESS-15327;2026-08-04 11:32:00;USR-1541;24;Standard;12;0;1200;App;CS2;4.0;0
SESS-11121;2026-08-27 12:06:00;USR-1319;19;Bootcamp;12;0;1800;App;CS2;4.5;0
SESS-16810;2026-08-11 03:40:00;USR-1179;21;Standard;3;0;300;Cash;PUBG;4.5;0
SESS-14553;2026-08-19 01:44:00;USR-1392;15;Standard;2;0;180;App;Dota 2;4.0;1
SESS-14030;2026-08-28 14:11:00;USR-1393;35;Standard;4;800;400;Card;CS2;5.0;0
SESS-15901;2026-08-22 20:53:00;USR-1546;29;Standard;2;400;200;Card;Valorant;4.5;0
SESS-16392;2026-08-04 05:51:00;USR-1215;32;PS5;3;0;750;Card;Dota 2;5.0;0
SESS-10416;2026-08-18 05:21:00;USR-1353;25;Standard;2;100;180;Cash;CS2;5.0;1
SESS-14456;2026-08-03 22:23:00;USR-1479;18;Standard;1;0;90;Card;Valorant;4.5;1
SESS-10564;2026-08-25 19:32:00;USR-1467;15;VIP;5;700;900;App;CS2;5.0;1
SESS-11224;2026-08-24 19:43:00;USR-1166;26;Standard;1;80;100;Card;Valorant;5.0;0
SESS-10142;2026-08-22 01:31:00;USR-1459;26;Standard;8;0;800;Card;Dota 2;3.0;0
SESS-11490;2026-08-03 18:33:00;USR-1141;24;Standard;3;240;300;Card;CS2;5.0;0
SESS-12592;2026-08-10 20:16:00;USR-1090;27;Standard;2;0;200;Cash;CS2;4.0;0
SESS-15583;2026-08-02 22:36:00;USR-1397;24;Standard;2;400;180;App;CS2;3.0;1
SESS-12004;2026-08-31 00:08:00;USR-1173;15;Standard;2;0;180;Card;CS2;4.5;1
SESS-11194;2026-08-09 15:26:00;USR-1437;15;Standard;1;120;100;Card;CS2;5.0;0
SESS-15741;2026-08-23 11:13:00;USR-1487;140;VIP;999;1060;2400;App;CS2;1.0;0
SESS-15771;2026-08-28 18:37:00;USR-1336;17;Standard;2;240;200;Card;Valorant;5.0;0
SESS-11756;2026-08-10 17:29:00;USR-1243;16;Standard;12;2400;1200;Card;Deadlock;4.0;0
SESS-10497;2026-08-03 20:56:00;USR-1467;15;VIP;3;0;600;Card;Dota 2;4.0;0
SESS-14084;2026-08-30 11:01:00;USR-1503;19;VIP ;3;460;405;Card;GTA V;4.5;1
SESS-11870;2026-08-11 21:32:00;USR-1156;45;Standard;2;400;200;Cash;CS2;5.0;0
SESS-13816;2026-08-03 02:36:00;USR-1139;16;PS5;2;160;500;Cash;Valorant;5.0;0
SESS-10721;2026-08-15 11:21:00;USR-1465;14;VIP;3;700;600;Card;CS2;4.0;0
SESS-15481;2026-08-20 08:01:00;USR-1229;20;Standard;1;0;100;Card;CS2;5.0;0
SESS-16542;2026-08-10 12:11:00;USR-1202;27;VIP;1;300;200;App;CS2;4.5;0
SESS-11496;2026-08-18 07:04:00;USR-1797;35;Standard;1;120;100;Card;Dota 2;5.0;0
SESS-13143;2026-08-10 13:24:00;USR-1698;15;ps5;4;0;400;Cash;Apex Legends;5.0;0
SESS-11520;2026-08-13 17:12:00;USR-1649;16;Standard;8;0;800;App;CS2;4.0;0
SESS-16939;2026-08-05 23:12:00;USR-1757;21;Bootcamp;2;0;300;Card;Dota 2;5.0;0
SESS-13047;2026-08-24 10:29:00;USR-1258;25;VIP;1;330;200;Card;Valorant;4.0;0
SESS-14001;2026-08-12 21:59:00;USR-1534;20;Bootcamp;3;0;450;Cash;Dota 2;5.0;0
SESS-16217;2026-08-27 21:20:00;USR-1513;32;Bootcamp;3;0;405;Card;CS2;5.0;1
SESS-16078;2026-08-09 03:23:00;USR-1138;19;VIP;2;0;400;Card;CS2;5.0;0
SESS-10108;2026-08-06 14:39:00;USR-1731;19;Standard;1;0;100;App;CS2;;0
SESS-11754;2026-08-11 12:51:00;USR-1011;39;Standard;4;0;360;Card;CS2;4.5;1
SESS-17204;2026-08-17 04:36:00;USR-1631;21;Standard;3;0;300;App;Valorant;5.0;0
SESS-11351;2026-08-30 23:22:00;USR-1351;24;Bootcamp;1;0;150;App;CS2;5.0;0
SESS-15071;2026-08-07 01:33:00;USR-1433;22;Standard;3;0;300;Card;Dota 2;2.0;0
SESS-16723;2026-08-19 14:21:00;USR-1311;20;Standard;12;0;1200;Card;Valorant;4.0;0
SESS-16433;2026-08-24 12:14:00;USR-1368;18;VIP;12;2650;2400;Card;Valorant;4.5;0
SESS-11973;2026-08-01 07:33:00;USR-1259;21;Standard;3;600;300;Card;CS2;3.0;0
SESS-10336;2026-08-10 21:20:00;USR-1200;14;VIP;2;0;360;Card;CS2;2.0;1
SESS-15296;2026-08-05 14:04:00;USR-1332;17;Standard;2;0;200;Card;GTA V;3.0;0
SESS-16553;2026-08-31 11:11:00;USR-1775;32;VIP;1;0;200;Card;Dota 2;4.0;0
;2026-08-12 17:02:00;;17;Standard;2;240;200;Card;CS2;4.0;0
SESS-12948;2026-08-07 13:12:00;USR-1075;14;Bootcamp;1;0;150;App;CS2;4.5;0
SESS-10724;2026-08-26 17:54:00;USR-1754;20;Standard;1;0;100;Card;Dota 2;4.0;0
SESS-10765;2026-08-16 12:21:00;USR-1598;16;VIP;1;0;200;Card;Valorant;4.0;0
SESS-14063;2026-08-07 16:54:00;USR-1713;25;Standard;1;0;100;Cash;PUBG;4.5;0
SESS-17115;2026-08-18 01:19:00;USR-1255;18;Standard;2;400;180;Card;CS2;4.0;1
SESS-14236;2026-08-29 23:15:00;USR-1148;21;Standard;1;80;100;Card;Valorant;2.0;0
SESS-10307;2026-08-05 00:53:00;USR-1227;24;Standard;5;250;500;App;Valorant;4.5;0
SESS-11278;2026-08-13 03:26:00;USR-1429;34;VIP;2;0;360;Card;Dota 2;4.5;1
SESS-13494;2026-08-04 10:08:00;USR-1731;19;Standard;2;0;200;Card;CS2;5.0;0
SESS-13328;2026-08-14 08:04:00;USR-1040;16;Bootcamp;1;0;150;Card;Valorant;4.0;0
SESS-16472;2026-08-18 13:30:00;USR-1357;23;Bootcamp;5;1250;750;Card;CS2;4.0;0
SESS-15555;2026-08-19 16:28:00;USR-1679;15;Bootcamp;3;0;405;Card;Valorant;4.0;1
SESS-16839;2026-08-27 10:22:00;USR-1474;28;Standard;3;240;300;Card;Valorant;4.0;0
SESS-11791;2026-08-06 15:06:00;USR-1795;20;Bootcamp;12;1210;1800;App;Minecraft;4.5;0
SESS-15681;2026-08-03 03:49:00;USR-1710;16;Standard;3;0;300;Card;Dota 2;1.0;0
SESS-13262;2026-08-23 00:11:00;USR-1300;21;PS5;3;600;750;Card;CS2;2.0;0
SESS-16152;2026-08-11 14:03:00;USR-1392;15;Standard;2;400;200;Card;Valorant;5.0;0
SESS-12053;2026-08-28 10:25:00;USR-1492;16;Bootcamp;3;0;405;App;GTA V;5.0;1
SESS-15017;2026-08-12 05:26:00;USR-1716;24;Standard;1;50;100;Card;Minecraft;4.0;0
SESS-12741;2026-08-31 21:00:00;USR-1696;21;VIP;1;0;200;;CS2;5.0;0
SESS-10071;2026-08-18 19:06:00;USR-1023;22;Standard;3;0;270;Card;Dota 2;4.0;1
SESS-13483;2026-08-08 12:26:00;USR-1263;22;Bootcamp;2;0;300;App;CS2;5.0;0
SESS-15498;2026-08-29 01:08:00;USR-1241;14;VIP;1;0;200;Card;CS2;2.0;0
SESS-15817;2026-08-19 23:42:00;USR-1682;17;Bootcamp;3;400;450;Cash;Dota 2;4.5;0
SESS-11260;2026-08-04 11:13:00;USR-1088;22;Standard;12;1440;1200;Cash;CS2;3.0;0
SESS-11666;2026-08-01 02:50:00;USR-1460;28;Standard;5;1000;500;Card;Dota 2;5.0;0
SESS-12648;2026-08-15 15:24:00;USR-1192;38;PS5;1;200;250;Card;CS2;4.0;0
SESS-14559;2026-08-22 00:24:00;USR-1226;38;Bootcamp;1;150;150;App;CS2;4.0;0
SESS-13918;2026-08-31 03:24:00;USR-1651;18;VIP;3;0;600;App;CS2;5.0;0
SESS-17084;2026-08-01 15:44:00;USR-1552;30;Standard;4;0;360;Card;CS2;4.5;1
SESS-12167;2026-08-26 01:12:00;USR-1695;37;Standard;4;480;400;Card;Valorant;3.0;0
SESS-17185;2026-08-24 05:45:00;USR-1771;21;Standard;5;0;450;Card;Deadlock;4.0;1
SESS-11695;2026-08-27 15:11:00;USR-1775;32;Standard;12;600;1200;Card;Valorant;4.5;0
SESS-11095;2026-08-25 20:57:00;USR-1209;24;Bootcamp;2;0;300;Card;Dota 2;4.5;0
SESS-15670;2026-08-07 21:15:00;USR-1312;25;Standard;1;0;100;Card;PUBG;4.0;0
SESS-16791;2026-08-30 18:46:00;USR-1340;15;Standard;2;400;200;Card;Valorant;2.0;0
SESS-13333;2026-08-26 09:28:00;USR-1079;21;Standard;3;150;300;Card;Valorant;4.5;0
SESS-11630;2026-08-16 04:14:00;USR-1608;25;Standard;1;80;100;App;Minecraft;4.5;0
SESS-14610;2026-08-27 19:31:00;USR-1467;15;PS5;1;0;250 ₽;Card;CS2;2.0;0
SESS-11881;2026-08-19 06:44:00;USR-1610;22;Bootcamp;2;0;270;App;Browser/Work;4.5;1
SESS-14015;2026-08-11 17:41:00;USR-1507;22;VIP;4;0;800;Card;Cyberpunk 2077;4.0;0
SESS-15048;2026-08-08 12:46:00;USR-1767;29;Standard;2;0;200;App;Apex Legends;4.0;0
SESS-11612;2026-08-31 09:59:00;USR-1082;32;VIP;2;490;360;Card;Browser/Work;5.0;1
SESS-10978;2026-08-05 22:27:00;USR-1793;18;Standard;3;150;270;App;Apex Legends;3.0;1
SESS-15365;2026-08-05 08:44:00;USR-1732;23;Standard;2;100;200;Card;Dota 2;4.0;0
SESS-16459;2026-08-10 19:06:00;USR-1214;25;;Standard;1;80;Card;Deadlock;2.0;1
SESS-17163;2026-08-09 02:13:00;USR-1088;22;ps5;2;0;270;App;Dota 2;4.5;1
SESS-10848;2026-08-21 16:24:00;USR-1506;17;Standard;2;0;200;Card;Valorant;3.0;0
SESS-17131;2026-08-20 08:04:00;USR-1131;30;Bootcamp;2;490;270;Card;Valorant;5.0;1
SESS-12271;2026-08-02 22:51:00;USR-1472;17;;VIP;2;0;Card;Valorant;3.0;0
SESS-12392;2026-08-08 01:01:00;USR-1628;14;Standard;3;360;270;Card;Minecraft;4.5;1
SESS-13519;2026-08-22 13:38:00;USR-1582;19;Standard;1;200;100;Card;CS2;3.0;0
SESS-11830;2026-08-20 05:24:00;USR-1123;14;VIP;3;400;600;App;Apex Legends;4.0;0
SESS-14743;2026-08-28 01:34:00;USR-1133;19;Standard;1;50;100;Card;CS2;;0
SESS-10047;2026-08-03 22:39:00;USR-1115;32;Standard;1;200;100;Card;Dota 2;4.5;0
SESS-13803;2026-08-01 13:40:00;USR-1724;37;Bootcamp;1;0;150;Card;Apex Legends;4.5;0
SESS-11350;2026-08-07 11:32:00;USR-1437;15;Bootcamp;2;350;300;Card;Valorant;3.0;0
SESS-16828;2026-08-17 02:59:00;USR-1516;26;Standard;3;360;300;Card;Valorant;4.0;0
SESS-10446;2026-08-19 19:19:00;USR-1627;22;Bootcamp;8;740;1080;Card;Dota 2;4.5;1
SESS-12248;2026-08-12 16:53:00;USR-1369;20;PS5;1;0;250;Card;Cyberpunk 2077;3.0;0
SESS-11743;2026-08-09 01:24:00;USR-1413;15;Standard;3;240;300;Card;CS2;4.0;0
SESS-10844;2026-08-02 09:09:00;USR-1162;32;Standard;2;240;180;Card;Valorant;4.0;1
SESS-16871;2026-08-28 14:46:00;USR-1691;22;Bootcamp;5;700;750;Cash;CS2;2.0;0
SESS-12764;2026-08-18 10:22:00;USR-1264;20;Standard;12;0;1200;Card;Minecraft;4.0;0
SESS-12440;2026-08-03 03:10:00;USR-1060;18;Standard;2;160;200;Card;Valorant;4.5;0
SESS-10678;2026-08-16 05:29:00;USR-1712;35;Standard;3;360;300;App;Dota 2;4.0;0
SESS-15194;2026-08-05 09:46:00;USR-1202;27;Bootcamp;2;0;300;App;Dota 2;5.0;0
SESS-14239;2026-08-11 02:57:00;USR-1045;23;Bootcamp;2;0;300;Card;Apex Legends;5.0;0
SESS-11294;2026-08-10 10:55:00;USR-1535;17;PS5;1;0;250;Cash;Valorant;1.0;0
SESS-14581;2026-08-10 23:51:00;USR-1577;23;Standard;2;160;200;Card;CS2;3.0;0
SESS-16188;2026-08-02 10:03:00;USR-1749;14;PS5;1;50;250;Cash;GTA V;3.0;0
SESS-14267;2026-08-05 00:47:00;USR-1048;20;Bootcamp;2;350;270;Card;Dota 2;4.0;1
SESS-17050;2026-08-18 15:30:00;USR-1430;19;Bootcamp;2;0;300;App;CS2;5.0;0
SESS-15384;2026-08-24 16:54:00;USR-1116;35;VIP;2;0;400;Card;CS2;4.0;0
SESS-14504;2026-08-15 01:10:00;USR-1381;22;Standard;2;400;180;Card;CS2;4.0;1
SESS-11112;2026-08-17 15:07:00;USR-1356;16;VIP;1;370;180;Card;CS2;4.5;1
SESS-10776;2026-08-10 03:53:00;USR-1490;19;VIP;2;0;360;Card;Apex Legends;;1
SESS-17133;2026-08-06 00:57:00;USR-1367;24;VIP;1;330;180;Card;Dota 2;4.5;1
SESS-14730;2026-08-13 03:11:00;USR-1060;18;Standard;1;0;100;Card;Deadlock;4.0;0
SESS-12228;2026-08-10 20:41:00;USR-1133;19;Standard;3;0;300;Card;PUBG;4.0;0
SESS-12153;2026-08-19 20:37:00;USR-1770;21;Bootcamp;1;0;150;Card;CS2;4.0;0
SESS-15120;2026-08-28 12:28:00;USR-1662;25;Standard;3;0;300;Card;Valorant;5.0;0
SESS-13428;2026-08-28 19:24:00;USR-1293;27;Standard;1;120;100;Card;CS2;5.0;0
SESS-16212;2026-08-27 20:55:00;USR-1004;31;VIP;2;410;360;Card;Dota 2;5.0;1
SESS-11366;2026-08-11 22:59:00;USR-1762;22;PS5;2;0;500;Card;Valorant;5.0;0
SESS-13931;2026-08-20 12:35:00;USR-1596;18;VIP;2;650;400;Card;CS2;4.0;0
SESS-11851;2026-08-22 06:20:00;USR-1295;30;Standard;12;2400;1200;App;Valorant;4.0;0
SESS-11963;2026-08-23 12:28:00;USR-1559;18;Standard;1;50;100;Card;Dota 2;4.0;0
SESS-15263;2026-08-08 12:19:00;USR-1608;25;VIP;1;370;200;Card;CS2;4.5;0
SESS-16888;2026-08-01 10:40:00;USR-1330;18;Standard;4;0;400;Card;Valorant;4.0;0
SESS-14350;2026-08-29 02:08:00;USR-1130;19;Bootcamp;1;0;150;Cash;CS2;4.0;0
SESS-17013;2026-08-17 01:04:00;USR-1630;21;Standard;12;0;1200;Card;Dota 2;4.0;0
SESS-10485;2026-08-09 22:04:00;USR-1571;19;;VIP;1;220;Card;Dota 2;4.5;1
SESS-12239;2026-08-22 01:22:00;USR-1673;16;Standard;8;1600;800;Cash;CS2;4.5;0
SESS-14640;2026-08-24 23:55:00;USR-1217;14;Standard;3;240;300;Cash;CS2;5.0;0
SESS-17184;2026-08-10 23:20:00;USR-1069;16;Standard;2;240;200;Card;CS2;4.5;0
SESS-15781;2026-08-07 02:45:00;USR-1591;20;VIP;~12;0;2400;Cash;Dota 2;4.0;0
SESS-10030;2026-08-12 06:25:00;USR-1752;24;Standard;3;0;300;Card;Valorant;4.0;0
SESS-11879;2026-08-20 09:54:00;USR-1127;17;PS5;2;0;500;Card;Dota 2;4.0;0
SESS-15460;2026-08-26 03:20:00;USR-1035;17;Standard;12;0;1200;App;Valorant;4.0;0
SESS-15186;2026-08-30 18:14:00;USR-1661;34;Standard;3;240;300;Card;CS2;4.5;0
SESS-15062;2026-08-25 23:07:00;USR-1520;26;Bootcamp;2;0;300;Card;Dota 2;5.0;0
SESS-15711;2026-08-25 10:19:00;USR-1106;15;Bootcamp;2;0;300;Cash;Deadlock;5.0;0
SESS-14857;2026-08-18 05:30:00;USR-1319;19;VIP;1;180;200;Card;CS2;4.0;0
SESS-15149;2026-08-12 00:21:00;USR-1236;21;Bootcamp;2;0;300;Cash;Valorant;4.0;0
SESS-16000;2026-08-02 09:56:00;USR-1178;18;Bootcamp;5;650;750;Card;Minecraft;5.0;0
SESS-10636;2026-08-04 02:53:00;USR-1272;14;VIP;1;0;200;Card;Dota 2;5.0;0
SESS-14781;2026-08-06 17:01:00;USR-1422;17;Standard;12;0;1200;Cash;Dota 2;4.0;0
SESS-16143;2026-08-26 18:28:00;USR-1641;34;VIP;2;260;400;App;Valorant;5.0;0
SESS-11083;2026-08-24 05:21:00;USR-1379;18;Standard;5;250;500;Card;GTA V;4.0;0
SESS-10861;2026-08-17 13:06:00;USR-1464;18;Standard;2;400;200;Card;Valorant;2.0;0
SESS-16706;2026-08-19 20:37:00;USR-1128;21;Standard;3;150;300;App;Minecraft;5.0;0
SESS-10903;2026-08-06 04:51:00;USR-1276;36;VIP;3;490;600;App;Dota 2;4.5;0
SESS-15462;2026-08-08 09:28:00;USR-1120;28;VIP;1;0;200;App;CS2;;0
SESS-10109;2026-08-16 03:55:00;USR-1250;20;VIP;1;0;180;Card;Valorant;5.0;1
SESS-17259;2026-08-10 23:22:00;USR-1300;21;PS5;3;600;750;Cash;Minecraft;4.0;0
SESS-14215;2026-08-02 05:55:00;USR-1247;22;Bootcamp;5;0;750;Card;Cyberpunk 2077;4.0;0
SESS-12921;2026-08-20 17:19:00;USR-1147;29;Standard;2;0;200;Card;CS2;2.0;0
SESS-17059;2026-08-27 22:31:00;USR-1713;25;VIP;1;0;200;;Valorant;3.0;0
SESS-16336;2026-08-13 07:14:00;USR-1127;17;VIP;4;570;800;App;Cyberpunk 2077;4.0;0
SESS-15074;2026-08-01 04:31:00;USR-1696;21;Bootcamp;1;450;150;App;GTA V;5.0;0
SESS-17317;2026-08-11 18:55:00;USR-1635;22;Standard;4;0;360;Card;Valorant;4.0;1
SESS-11831;2026-08-28 14:55:00;USR-1205;34;Bootcamp;3;400;450;Card;CS2;4.0;0
SESS-15121;2026-08-01 16:54:00;USR-1394;24;Bootcamp;2;340;270;Card;Deadlock;4.5;1
SESS-10782;2026-08-14 04:28:00;USR-1052;15;VIP;1;0;200;Card;GTA V;4.5;0
SESS-12476;2026-08-08 11:05:00;USR-1752;24;Bootcamp;4;730;600 ₽;Card;CS2;5.0;0
SESS-13838;2026-08-19 07:53:00;USR-1565;22;VIP;1;300;200;Card;Dota 2;5.0;0
SESS-15558;2026-08-27 12:54:00;USR-1530;21;Bootcamp;1;330;150;App;Dota 2;2.0;0
SESS-12521;2026-08-18 05:27:00;USR-1059;18;Bootcamp;2;0;300;App;Valorant;5.0;0
SESS-16721;2026-08-30 15:56:00;USR-1668;22;Standard;5;400;500;App;Minecraft;5.0;0
SESS-11825;2026-08-21 18:51:00;USR-1453;26;VIP;2;0;400;Card;Deadlock;4.5;0
SESS-15187;2026-08-09 20:16:00;USR-1490;19;Standard;5;1000;500;Card;Browser/Work;4.5;0
SESS-11094;2026-08-04 05:46:00;USR-1715;21;Standard;3;0;300;App;Valorant;4.5;0
SESS-15283;2026-08-07 00:50:00;USR-1024;17;Bootcamp;2;0;300;Card;CS2;5.0;0
SESS-13574;2026-08-28 18:02:00;USR-1390;18;Bootcamp;4;0;540;App;Minecraft;3.0;1
SESS-13003;2026-08-22 08:17:00;USR-1385;18;Standard;8;0;800;Card;CS2;4.5;0
SESS-14578;2026-08-09 00:13:00;USR-1723;18;Standard;3;0;300;Card;CS2;4.0;0
SESS-13859;2026-08-03 11:26:00;USR-1706;35;VIP;2;260;360;Card;Dota 2;4.5;1
SESS-13355;2026-08-05 13:26:00;USR-1736;23;Standard;2;0;180;Card;Valorant;5.0;1
SESS-11654;2026-08-24 21:03:00;USR-1407;19;VIP;2;0;400;App;CS2;3.0;0
SESS-16175;2026-08-25 22:51:00;USR-1692;27;Bootcamp;1;0;135;App;Valorant;;1
SESS-16913;2026-08-10 10:12:00;USR-1599;25;VIP;4;0;800;Card;Cyberpunk 2077;4.5;0
SESS-12323;2026-08-24 05:06:00;USR-1624;18;VIP;1;300;200;Card;CS2;3.0;0
SESS-12413;2026-08-19 20:13:00;USR-1295;30;PS5;2;160;500;Card;Valorant;5.0;0
SESS-15774;2026-08-20 15:51:00;USR-1232;18;VIP;3;460;600;App;CS2;4.5;0
SESS-12689;2026-08-05 03:47:00;USR-1500;26;Standard;3;240;270;Cash;CS2;4.5;1
SESS-14269;2026-08-13 18:25:00;USR-1197;24;Standard;1;0;100;Card;PUBG;5.0;0
SESS-14900;2026-08-28 02:20:00;USR-1313;23;Standard;1;200;90;Card;Apex Legends;4.0;1
SESS-16905;2026-08-26 17:05:00;USR-1742;22;Standard;2;240;200;Card;Dota 2;1.0;0
SESS-14704;2026-08-12 22:26:00;USR-1684;29;Standard;4;0;400;Card;CS2;5.0;0
SESS-13053;2026-08-13 11:26:00;USR-1323;20;Standard;2;0;200;Card;Valorant;4.0;0
SESS-10178;2026-08-20 01:13:00;USR-1538;16;VIP;2;200;400;App;CS2;4.5;0
SESS-13322;2026-08-18 09:02:00;USR-1262;27;Standard;1;0;100;Card;Apex Legends;4.5;0
SESS-13396;2026-08-13 05:15:00;USR-1510;17;Standard;3;240;300;Card;Valorant;3.0;0
SESS-12966;2026-08-09 17:20:00;USR-1393;35;Standard;12;600;1200;Card;Apex Legends;5.0;0
SESS-11204;2026-08-05 18:11:00;USR-1686;23;ps5;4;0;400;Card;Valorant;2.0;0
SESS-12202;2026-08-06 20:57:00;USR-1296;17;Standard;1;0;100;App;Dota 2;2.0;0
SESS-15335;2026-08-07 13:54:00;USR-1363;26;Standard;2;0;200;Card;CS2;3.0;0
SESS-13786;2026-08-14 03:02:00;USR-1144;14;Standard;3;150;300;Card;Dota 2;5.0;0
SESS-15813;2026-08-17 00:20:00;USR-1746;17;Bootcamp;8;0;1080;App;Minecraft;4.0;1
SESS-12716;2026-08-26 12:59:00;USR-1739;28;Bootcamp;1;450;150;App;Dota 2;5.0;0
SESS-15260;2026-08-24 10:33:00;USR-1527;17;Standard;1;200;100;Card;Dota 2;5.0;0
SESS-11770;2026-08-19 11:06:00;USR-1204;14;Standard;3;600;300;Card;Minecraft;4.0;0
SESS-10829;2026-08-30 09:44:00;USR-1570;26;Standard;3;0;300;Cash;CS2;4.0;0
SESS-14002;2026-08-19 00:13:00;USR-1754;20;Standard;~2;0;200;Card;Apex Legends;4.0;0
SESS-14080;2026-08-17 15:47:00;USR-1539;24;Standard;3;0;300;Card;Apex Legends;5.0;0
SESS-12486;2026-08-25 03:23:00;USR-1570;26;Standard;3;0;300;Card;Browser/Work;4.0;0
SESS-10627;2026-08-29 15:31:00;USR-1168;16;VIP;2;340;400;Card;Dota 2;2.0;0
SESS-12683;2026-08-13 12:17:00;USR-1638;22;PS5;1;0;225;Card;Deadlock;4.5;1
SESS-16499;2026-08-03 18:04:00;USR-1363;26;Bootcamp;3;460;450;Card;Minecraft;4.0;0
SESS-10925;2026-08-22 22:23:00;USR-1009;20;;Bootcamp;1;0;Card;Apex Legends;5.0;0
SESS-10295;2026-08-26 14:13:00;USR-1572;15;Standard;4;0;400;Card;Dota 2;4.0;0
SESS-11052;2026-08-07 03:47:00;USR-1043;22;VIP;8;0;1600;Cash;GTA V;4.5;0
SESS-12858;2026-08-14 12:16:00;USR-1648;15;ps5;2;100;200;Card;Minecraft;5.0;0
SESS-14103;2026-08-11 12:19:00;USR-1196;18;Standard;12;1440;1200;App;Minecraft;4.5;0
SESS-11740;2026-08-27 10:58:00;USR-1618;30;Standard;2;160;180;Card;CS2;4.0;1
SESS-10944;2026-08-28 21:17:00;USR-1028;31;PS5;3;0;750;Card;Dota 2;5.0;0
SESS-16843;2026-08-03 10:42:00;USR-1358;16;Standard;8;0;800;Card;Browser/Work;4.0;0
SESS-16258;2026-08-26 23:53:00;USR-1085;38;VIP;1;180;200;Card;Cyberpunk 2077;4.0;0
SESS-10012;2026-08-06 07:48:00;USR-1159;24;Bootcamp;12;1210;1800;Card;CS2;5.0;0
SESS-11117;2026-08-03 02:23:00;USR-1128;21;Standard;2;0;200;Card;CS2;5.0;0
SESS-15487;2026-08-25 22:39:00;USR-1129;34;Bootcamp;12;0;1800;Card;Dota 2;4.0;0
SESS-14557;2026-08-10 10:22:00;USR-1345;26;Standard;8;0;800;Card;CS2;4.5;0
SESS-13245;2026-08-27 20:25:00;USR-1730;25;Bootcamp;4;0;600;App;Cyberpunk 2077;4.5;0
SESS-14213;2026-08-09 19:39:00;USR-1371;16;Bootcamp;2;0;300;App;GTA V;5.0;0
SESS-11319;2026-08-27 20:30:00;USR-1363;26;VIP;2;650;400;Card;Dota 2;4.5;0
;2026-08-08 01:37:00;;22;Bootcamp;2;0;270;Card;Dota 2;5.0;1
SESS-10061;2026-08-03 04:31:00;USR-1649;16;Standard;8;0;800;App;Dota 2;4.5;0
SESS-16902;2026-08-04 17:32:00;USR-1343;15;Standard;4;480;400;Card;Dota 2;;0
SESS-15347;2026-08-15 20:03:00;USR-1611;14;Bootcamp;3;0;405;App;CS2;4.5;1
SESS-16977;2026-08-17 18:13:00;USR-1473;17;Standard;3;600;300;Card;PUBG;4.0;0
SESS-13656;2026-08-16 09:13:00;USR-1401;14;Standard;3;600;300;Card;Apex Legends;4.5;0
SESS-10653;2026-08-10 23:21:00;USR-1308;15;Standard;3;600;300;App;CS2;4.0;0
SESS-12477;2026-08-11 11:06:00;USR-1484;24;VIP;2;350;400;Card;PUBG;4.0;0
SESS-12847;2026-08-22 03:14:00;USR-1434;21;Standard;2;160;200;Card;Dota 2;4.0;0
SESS-17074;2026-08-04 21:53:00;USR-1338;22;VIP;1;220;200;App;Dota 2;4.0;0
SESS-16574;2026-08-17 03:27:00;USR-1248;26;VIP;12;0;2400;App;CS2;4.5;0
SESS-16792;2026-08-30 00:39:00;USR-1580;23;Bootcamp;3;340;450;App;CS2;4.0;0
SESS-15326;2026-08-01 06:59:00;USR-1732;23;Bootcamp;2;0;300;Card;Dota 2;5.0;0
SESS-13238;2026-08-17 07:32:00;USR-1097;19;PS5;1;120;250;App;Dota 2;5.0;0
SESS-16084;2026-08-22 17:30:00;USR-1072;15;PS5;2;400;500;Card;CS2;3.0;0
SESS-15843;2026-08-10 02:21:00;USR-1005;33;Standard;2;0;200;App;Deadlock;5.0;0
SESS-16230;2026-08-07 19:05:00;USR-1219;20;Standard;3;0;300;Card;Minecraft;5.0;0
SESS-17189;2026-08-30 17:13:00;USR-1715;21;Bootcamp;2;500;270;App;Cyberpunk 2077;4.5;1
SESS-16520;2026-08-16 20:49:00;USR-1401;14;Standard;3;150;270;Card;Dota 2;2.0;1
SESS-15231;2026-08-13 05:15:00;USR-1265;14;VIP;2;0;400;App;Apex Legends;1.0;0
SESS-10570;2026-08-05 10:55:00;USR-1385;18;Standard;3;0;270;Card;CS2;4.5;1
SESS-11448;2026-08-05 11:36:00;USR-1453;26;Bootcamp;1;370;150;Card;PUBG;4.0;0
SESS-17054;2026-08-04 18:15:00;USR-1082;32;VIP;1;0;200;Card;Dota 2;4.0;0
SESS-16162;2026-08-01 01:23:00;USR-1130;19;VIP;~3;850;540;Card;CS2;5.0;1
SESS-13898;2026-08-01 05:43:00;USR-1625;21;PS5;5;250;1250;App;CS2;4.0;0
SESS-12906;15.08.2026;USR-1196;18;Bootcamp;12;0;1800;Card;CS2;4.0;0
SESS-11745;2026-08-23 16:56:00;USR-1767;29;Standard;3;0;300;;CS2;4.5;0
SESS-13956;2026-08-22 20:54:00;USR-1339;18;VIP;2;0;360;App;CS2;4.5;1
SESS-13393;2026-08-28 17:47:00;USR-1356;16;VIP;2;650;400;App;Dota 2;5.0;0
SESS-10287;2026-08-28 05:17:00;USR-1197;24;Bootcamp;1;0;135;Card;GTA V;2.0;1
SESS-11738;2026-08-17 21:55:00;USR-1343;15;Bootcamp;3;400;450;Cash;Valorant;3.0;0
SESS-16441;2026-08-18 14:50:00;USR-1354;15;Standard;1;80;100;Cash;CS2;3.0;0
SESS-16663;2026-08-31 19:48:00;USR-1175;25;Standard;1;0;100;Card;Valorant;4.0;0
SESS-16386;2026-08-13 14:17:00;USR-1215;32;VIP;2;0;400;Card;CS2;4.5;0
SESS-15573;2026-08-16 08:04:00;USR-1078;20;Standard;2;160;200;Card;Valorant;4.0;0
SESS-17195;2026-08-19 05:41:00;USR-1494;15;PS5;3 часа;360;750;Card;CS2;3.0;0
SESS-13246;2026-08-19 18:01:00;USR-1270;24;Standard;4;320;400;Card;Dota 2;4.0;0
SESS-15284;2026-08-09 05:15:00;USR-1004;31;Standard;4;0;360;Cash;Dota 2;5.0;1
SESS-11684;2026-08-04 02:07:00;USR-1591;20;VIP;3;340;600;Card;Apex Legends;5.0;0
SESS-14908;2026-08-21 08:08:00;USR-1376;16;PS5;2;240;500;Card;Dota 2;5.0;0
SESS-11338;2026-08-01 23:11:00;USR-1669;22;Bootcamp;3;0;450;Card;CS2;1.0;0
SESS-13653;2026-08-30 22:32:00;USR-1195;16;Standard;1;120;100;Card;CS2;4.5;0
SESS-16325;2026-08-11 15:28:00;USR-1020;18;Standard;8;1600;800;Cash;CS2;4.0;0
SESS-16187;2026-08-21 07:56:00;USR-1161;19;Standard;1;0;100;Card;Dota 2;3.0;0
SESS-13439;2026-08-05 02:17:00;USR-1362;17;Standard;2;0;200;App;Minecraft;5.0;0
SESS-14210;2026-08-25 22:13:00;USR-1120;28;VIP;3;0;600;App;Dota 2;4.0;0
SESS-12258;2026-08-06 17:11:00;USR-1674;23;Bootcamp;3;850;450;Card;CS2;2.0;0
SESS-16824;2026-08-18 00:07:00;USR-1277;140;Standard;999;800;360;Card;CS2;4.0;1
SESS-14568;2026-08-26 02:59:00;USR-1565;22;VIP;12;0;2400;Card;Deadlock;4.5;0
SESS-17070;2026-08-27 04:38:00;USR-1638;22;Standard;1;0;100;App;Dota 2;5.0;0
SESS-16191;2026-08-06 17:12:00;USR-1101;18;Standard;1;120;100;Card;Apex Legends;4.0;0
SESS-14148;2026-08-30 14:30:00;USR-1695;37;Bootcamp;1;0;150;Cash;Valorant;4.0;0
SESS-11564;2026-08-16 12:48:00;USR-1120;28;VIP;1;0;180;App;Dota 2;4.5;1
SESS-15755;2026-08-03 11:34:00;USR-1265;14;VIP ;3;0;300;Card;Minecraft;5.0;0
SESS-14375;2026-08-19 20:21:00;USR-1337;21;Standard;3;0;300;Card;Valorant;4.5;0
SESS-16784;2026-08-12 05:47:00;USR-1277;15;VIP;3;0;600;App;CS2;4.0;0
SESS-12802;2026-08-07 10:51:00;USR-1620;16;VIP;3;0;600;Card;Dota 2;3.0;0
SESS-12185;2026-08-20 19:15:00;USR-1227;24;VIP;1;0;200;App;Minecraft;3.0;0
SESS-14035;2026-08-12 09:47:00;USR-1786;24;Standard;1;0;100;Card;Dota 2;3.0;0
SESS-11231;2026-08-24 15:38:00;USR-1444;19;ps5;3;0;450;Cash;Dota 2;3.0;0
SESS-14947;2026-08-28 20:48:00;USR-1066;16;Bootcamp;2;490;300;App;Dota 2;5.0;0
SESS-11258;2026-08-16 19:12:00;USR-1471;21;Standard;3;0;300;Card;Valorant;3.0;0
SESS-12254;2026-08-10 00:14:00;USR-1126;33;Bootcamp;1;150;135;App;Apex Legends;4.0;1
;2026-08-23 20:33:00;USR-1254;22;Standard;2;160;180;App;Minecraft;4.0;1
SESS-17014;2026-08-12 21:48:00;USR-1747;25;Bootcamp;5;850;750;Card;CS2;4.0;0
SESS-10113;2026-08-04 18:21:00;USR-1238;30;Standard;4;800;400 ₽;Card;Minecraft;3.0;0
SESS-16405;2026-08-17 21:54:00;USR-1543;24;Standard;1;0;90;Card;Browser/Work;5.0;1
SESS-12509;2026-08-08 16:02:00;USR-1149;17;Standard;3;0;300;Card;Dota 2;4.0;0
SESS-15516;2026-08-28 18:02:00;USR-1785;26;Standard;2;0;200;Card;CS2;4.0;0
SESS-12548;2026-08-28 17:48:00;USR-1619;17;Bootcamp;2;0;270;Card;Dota 2;5.0;1
SESS-13023;2026-08-23 00:47:00;USR-1628;14;Standard;2;160;200;Card;Deadlock;4.0;0
SESS-10507;2026-08-09 02:07:00;USR-1140;20;Standard;2;0;200;App;Valorant;5.0;0
SESS-14091;2026-08-27 16:18:00;USR-1391;20;Standard;8;0;720;Card;Apex Legends;4.0;1
SESS-14295;2026-08-11 08:09:00;USR-1547;23;Bootcamp;3;340;450;Card;Deadlock;3.0;0
SESS-13127;2026-08-10 12:16:00;USR-1364;14;Standard;5;0;500;App;CS2;5.0;0
SESS-12879;2026-08-21 15:43:00;USR-1224;42;VIP;2;650;400;Card;Minecraft;4.5;0
SESS-15072;2026-08-01 20:50:00;USR-1267;16;Bootcamp;2;340;300;App;Valorant;5.0;0
SESS-14985;2026-08-12 14:06:00;USR-1015;23;Bootcamp;1;300;135;App;Dota 2;4.5;1
SESS-15004;2026-08-28 14:15:00;USR-1542;23;PS5;2;0;450;Card;Dota 2;4.5;1
SESS-13438;2026-08-28 13:20:00;USR-1277;15;Standard;3;150;300 ₽;Card;Valorant;5.0;0
SESS-10350;2026-08-21 17:36:00;USR-1237;14;Standard;3;0;270;App;Valorant;4.5;1
SESS-14457;2026-08-14 14:32:00;USR-1478;25;Standard;2;0;200;App;Valorant;4.5;0
SESS-14087;2026-08-15 06:02:00;USR-1235;25;PS5;3;600;750;Card;Minecraft;4.0;0
SESS-14220;2026-08-01 18:44:00;USR-1131;30;VIP;~4;580;800;Card;CS2;2.0;0
SESS-12505;2026-08-11 17:47:00;USR-1471;21;Standard;2;0;200;Card;Dota 2;4.0;0
SESS-12620;2026-08-05 07:15:00;USR-1792;36;Bootcamp;2;0;300;App;PUBG;4.0;0
SESS-14060;2026-08-13 12:01:00;USR-1781;27;Standard;2;0;180;App;CS2;4.5;1
SESS-11114;2026-08-20 02:20:00;USR-1108;33;Bootcamp;8;500;1200;Card;CS2;4.5;0
SESS-15633;2026-08-31 21:00:00;USR-1101;18;Standard;1;120;100 ₽;Cash;CS2;4.0;0
SESS-10298;2026-08-22 11:57:00;USR-1435;18;Standard;3;0;300;Card;Deadlock;5.0;0
SESS-13819;2026-08-29 23:37:00;USR-1672;36;Standard;12;0;1200;Cash;Dota 2;4.5;0
SESS-15985;2026-08-29 09:39:00;USR-1419;20;Bootcamp;2;0;270;Card;CS2;4.0;1
SESS-17231;2026-08-09 15:13:00;USR-1132;17;Standard;4;0;360;App;Dota 2;4.5;1
SESS-16879;2026-08-12 21:49:00;USR-1362;17;PS5;4;800;1000;Card;CS2;2.0;0
SESS-16156;2026-08-25 22:54:00;USR-1772;25;Standard;4;200;400;App;Minecraft;4.5;0
SESS-13204;2026-08-16 06:10:00;USR-1393;35;Bootcamp;2;0;300;Cash;Valorant;5.0;0
SESS-14590;2026-08-11 06:54:00;USR-1433;22;Standard;2;240;200;Cash;Minecraft;4.0;0
SESS-10229;2026-08-09 18:21:00;USR-1733;22;Standard;3;240;300;App;Minecraft;4.0;0
SESS-10076;2026-08-21 00:11:00;USR-1056;20;VIP;2;0;400;App;Dota 2;3.0;0
SESS-13296;2026-08-18 03:04:00;USR-1422;17;Standard;3;0;300;Card;CS2;4.0;0
SESS-17006;2026-08-28 11:10:00;USR-1018;26;PS5;4;320;1000;Cash;Deadlock;5.0;0
SESS-15076;2026-08-17 12:52:00;USR-1388;23;Standard;3;360;300;Card;CS2;5.0;0
SESS-14842;2026-08-30 19:50:00;USR-1778;17;Bootcamp;3;400;450;Card;Deadlock;5.0;0
SESS-12103;2026-08-18 14:48:00;USR-1578;17;Bootcamp;3;610;450;Card;Valorant;3.0;0
SESS-15931;2026-08-21 14:47:00;USR-1382;33;Bootcamp;3;0;450;App;CS2;4.0;0
SESS-16264;2026-08-03 04:03:00;USR-1768;22;Bootcamp;1;330;150;Card;Dota 2;4.5;0
SESS-15872;2026-08-26 07:23:00;USR-1485;17;Standard;3;240;300;Card;CS2;4.5;0
SESS-16179;08/18/26;USR-1688;16;VIP;2;340;360;Card;CS2;5.0;1
SESS-11614;2026-08-23 05:23:00;USR-1022;20;Bootcamp;2 часа;0;300;Card;CS2;3.0;0
SESS-10607;2026-08-13 11:42:00;USR-1182;16;PS5;4;0;1000;Card;CS2;4.0;0
SESS-13527;2026-08-21 09:24:00;USR-1460;28;Standard;1;0;100;Card;Minecraft;5.0;0
SESS-11093;2026-08-18 17:00:00;USR-1172;23;Standard;3;360;300;App;Minecraft;3.0;0
SESS-14454;2026-08-07 16:38:00;USR-1111;35;Standard;8;0;800;Card;CS2;4.5;0
SESS-12622;2026-08-03 06:27:00;USR-1764;22;Standard;5;0;500;Card;PUBG;4.5;0
SESS-16109;2026-08-14 05:34:00;USR-1351;24;Standard;1;120;100;Card;CS2;4.0;0
SESS-11811;2026-08-05 05:06:00;USR-1245;19;VIP;3;0;540;App;Dota 2;5.0;1
SESS-17164;2026-08-31 06:51:00;USR-1245;19;;Bootcamp;4;0;Card;Dota 2;4.5;0
SESS-10203;2026-08-14 18:44:00;USR-1498;24;VIP;2;500;400;Card;CS2;4.5;0
SESS-12387;2026-08-19 11:10:00;USR-1126;33;Standard;3;0;300;Card;CS2;4.0;0
SESS-13277;2026-08-15 07:14:00;USR-1070;22;Standard;5;600;500;App;Dota 2;4.0;0
SESS-14332;2026-08-04 10:39:00;USR-1525;20;PS5;8;400;2000;App;CS2;4.5;0
SESS-10837;2026-08-11 20:22:00;USR-1320;28;Standard;3;360;300;Card;CS2;5.0;0
SESS-14527;2026-08-17 05:39:00;USR-1477;21;Standard;3;240;300;Card;Dota 2;4.0;0
SESS-12245;2026-08-19 18:47:00;USR-1378;21;Bootcamp;1;0;150;Card;CS2;5.0;0
SESS-11230;2026-08-01 01:11:00;USR-1417;19;VIP;3;610;600;Card;Valorant;3.0;0
SESS-15721;2026-08-11 03:12:00;USR-1601;27;VIP;2;0;400;App;CS2;4.0;0
SESS-11609;2026-08-03 16:39:00;USR-1204;14;Standard;2;0;200;Card;Cyberpunk 2077;5.0;0
SESS-16808;2026-08-28 17:47:00;USR-1418;16;Standard;4;480;400;Cash;CS2;4.5;0
SESS-14439;2026-08-24 20:46:00;USR-1608;25;Standard;2;0;200;Card;Dota 2;4.0;0
SESS-13989;2026-08-12 08:01:00;USR-1240;21;Standard;4;200;400;Card;CS2;5.0;0
SESS-12944;2026-08-01 19:19:00;USR-1627;22;PS5;8;0;1800;Cash;Valorant;4.5;1
SESS-15789;2026-08-23 23:17:00;USR-1313;23;Standard;2;400;200;Card;CS2;5.0;0
SESS-13718;2026-08-13 08:48:00;USR-1255;18;VIP;2;0;400;Card;Dota 2;4.0;0
SESS-12846;2026-08-05 22:43:00;USR-1368;18;Bootcamp;8;0;1200;Card;Dota 2;5.0;0
SESS-13316;2026-08-30 14:32:00;USR-1440;16;Standard;2;0;200;Card;CS2;5.0;0
SESS-16466;2026-08-16 06:38:00;USR-1076;16;Standard;8;640;720;;Dota 2;5.0;1
SESS-14541;2026-08-20 03:09:00;USR-1015;23;Bootcamp;2;350;300;Card;CS2;5.0;0
SESS-12997;2026-08-29 03:55:00;USR-1229;20;Bootcamp;1;0;150;Card;CS2;4.0;0
SESS-10657;2026-08-02 06:49:00;USR-1120;28;VIP;4;730;800;App;CS2;4.0;0
SESS-10790;2026-08-25 01:37:00;USR-1581;18;VIP;3;0;600;App;CS2;4.0;0
SESS-12728;2026-08-19 00:19:00;USR-1787;17;Standard;3;360;300;Card;Dota 2;3.0;0
SESS-14577;2026-08-23 13:20:00;USR-1625;21;Standard;3;0;300;App;CS2;4.5;0
SESS-16220;2026-08-16 02:35:00;USR-1386;21;Standard;3;150;270;Cash;Valorant;4.0;1
SESS-12561;2026-08-08 05:21:00;USR-1221;22;Standard;4;0;400;Card;Dota 2;4.0;0
SESS-13520;2026-08-17 17:57:00;USR-1495;16;Standard;8;960;800;App;PUBG;3.0;0
SESS-11359;2026-08-30 07:19:00;USR-1656;35;Standard;8;0;720;Card;Minecraft;4.0;1
SESS-16382;2026-08-17 21:52:00;USR-1032;16;Standard;2;0;200;Card;Dota 2;5.0;0
SESS-12347;2026-08-15 17:44:00;USR-1683;25;Standard;2;100;180 ₽;Card;Minecraft;4.5;1
SESS-15106;2026-08-28 09:15:00;USR-1696;21;Standard;5;0;500;Card;CS2;;0
;2026-08-18 16:31:00;USR-1597;25;Standard;3;0;300;Card;CS2;4.5;0
SESS-15532;2026-08-31 13:42:00;USR-1778;17;Standard;2;400;200;App;Dota 2;5.0;0
SESS-15723;2026-08-02 02:18:00;USR-1216;20;Standard;1;0;100;Card;Minecraft;4.0;0
SESS-16594;2026-08-22 20:48:00;USR-1157;25;Standard;4;0;400;Card;CS2;4.0;0
SESS-16282;2026-08-03 23:16:00;USR-1617;22;Standard;3;360;300;Card;Dota 2;5.0;0
SESS-15556;2026-08-27 07:38:00;USR-1498;24;Standard;3;0;270;Card;CS2;4.0;1
SESS-12575;2026-08-10 00:39:00;USR-1004;31;PS5;4;0;1000;Cash;Dota 2;5.0;0
SESS-15762;2026-08-20 15:28:00;USR-1184;23;Standard;3;360;300;Cash;Valorant;4.0;0
SESS-14054;2026-08-10 05:45:00;USR-1262;27;VIP;2;0;400;Card;CS2;3.0;0
SESS-15385;2026-08-27 07:30:00;USR-1559;18;PS5;3;0;750;Card;Dota 2;5.0;0
SESS-16443;2026-08-07 17:32:00;USR-1584;14;Bootcamp;4;0;540;App;Dota 2;3.0;1
SESS-11780;2026-08-03 18:08:00;USR-1740;14;Bootcamp;8;0;1200;Card;CS2;4.0;0
SESS-13002;2026-08-15 13:44:00;USR-1617;22;Standard;1;0;100;Card;CS2;2.0;0
SESS-10803;2026-08-20 20:30:00;USR-1784;14;Standard;3;0;300;Card;CS2;4.0;0
SESS-10857;2026-08-21 15:00:00;USR-1077;18;Standard;1;50;100;Card;Dota 2;5.0;0
SESS-14303;2026-08-29 17:02:00;USR-1461;27;Bootcamp;1;0;150;Card;Dota 2;4.5;0
SESS-13892;08/26/26;USR-1391;20;Standard;2;0;200;Card;CS2;5.0;0
SESS-15499;08/28/26;USR-1035;17;Standard;3;0;300;Card;CS2;4.0;0
SESS-15318;2026-08-05 19:49:00;USR-1757;21;PS5;2;0;500;Card;Valorant;4.0;0
SESS-10219;2026-08-16 21:09:00;USR-1158;24;Standard;1;200;100;App;CS2;5.0;0
SESS-11288;2026-08-20 15:02:00;USR-1013;22;Bootcamp;8;890;1200;Card;CS2;4.5;0
SESS-10582;2026-08-15 02:02:00;USR-1107;16;Standard;2;100;180;Cash;Apex Legends;3.0;1
SESS-12618;2026-08-08 20:02:00;USR-1404;15;Standard;2;240;200;Card;CS2;4.0;0
SESS-10043;2026-08-08 11:49:00;USR-1703;20;;PS5;2;100;Card;Valorant;4.5;0
SESS-11234;2026-08-17 06:22:00;USR-1481;32;Standard;12;0;1200;Cash;Dota 2;4.5;0
SESS-15304;2026-08-13 20:12:00;USR-1126;33;VIP;3;0;600;Card;Minecraft;2.0;0
SESS-17218;2026-08-14 07:12:00;USR-1045;23;Standard;12;0;1200;Card;Dota 2;4.5;0
SESS-17302;2026-08-30 14:58:00;USR-1767;29;VIP;5;1100;1000;App;Minecraft;5.0;0
SESS-11892;2026-08-01 21:21:00;USR-1671;20;Bootcamp;3;0;450;Card;CS2;5.0;0
SESS-14793;2026-08-18 14:53:00;USR-1319;19;Standard;12;1440;1080;App;Dota 2;5.0;1
SESS-16607;2026-08-11 00:35:00;USR-1710;16;Standard;2;0;200;Card;Dota 2;3.0;0
SESS-15692;2026-08-26 08:51:00;USR-1683;25;Standard;2;0;200;Card;CS2;4.5;0
SESS-16237;2026-08-29 22:48:00;USR-1094;16;Standard;1;0;100;Card;CS2;3.0;0
SESS-11071;2026-08-25 01:26:00;USR-1704;30;Standard;3;600;300;App;CS2;5.0;0
SESS-10718;2026-08-13 18:53:00;USR-1438;41;Bootcamp;2;0;300;App;Dota 2;3.0;0
SESS-12364;2026-08-24 12:54:00;USR-1101;18;Bootcamp;2;200;300;Card;Apex Legends;4.5;0
SESS-11505;2026-08-14 08:25:00;USR-1163;14;Standard;12;2400;1200;Card;Dota 2;3.0;0
SESS-10670;2026-08-30 16:30:00;USR-1108;33;Standard;12;0;1200;App;Valorant;4.5;0
SESS-15495;2026-08-28 20:31:00;USR-1248;26;VIP;1;300;200;Card;Deadlock;5.0;0
SESS-14546;2026-08-18 20:54:00;USR-1171;39;Standard;3;0;300;Card;CS2;4.0;0
SESS-16046;2026-08-18 19:51:00;USR-1141;24;Bootcamp;1;450;150;;Dota 2;5.0;0
SESS-14370;2026-08-05 08:38:00;USR-1486;23;Standard;3;0;270;Card;CS2;5.0;1
SESS-10897;2026-08-24 23:19:00;USR-1268;26;Bootcamp;12;0;1800;Card;Minecraft;5.0;0
SESS-16072;2026-08-09 12:23:00;USR-1454;18;Standard;3;0;300;Card;CS2;4.0;0
SESS-12666;2026-08-07 00:21:00;USR-1692;27;Standard;8;400;800;Cash;PUBG;4.0;0
SESS-17268;2026-08-04 02:34:00;USR-1460;28;Standard;5;0;500;Card;Deadlock;4.0;0
SESS-11530;2026-08-05 09:14:00;USR-1221;22;Bootcamp;5;0;750;Card;CS2;4.0;0
SESS-17145;2026-08-24 19:48:00;USR-1404;15;Bootcamp;8;0;1200;Card;Dota 2;4.5;0
SESS-16311;2026-08-04 03:51:00;USR-1643;16;VIP;4;900;800;Card;PUBG;4.0;0
SESS-16022;2026-08-24 23:27:00;USR-1394;24;PS5;1;0;250;Card;Deadlock;4.0;0
SESS-13395;2026-08-21 12:57:00;USR-1575;16;Standard;3;360;270;Card;CS2;3.0;1
SESS-13578;2026-08-26 08:23:00;USR-1186;21;Bootcamp;1;150;135;Card;Valorant;4.5;1
SESS-13341;2026-08-05 06:00:00;USR-1288;16;Bootcamp;2;500;300;Card;Dota 2;4.5;0
SESS-17147;2026-08-09 16:50:00;USR-1693;31;Standard;4;0;400;Card;Dota 2;5.0;0
SESS-15749;2026-08-26 22:32:00;USR-1428;16;Standard;2;400;200;Card;CS2;1.0;0
SESS-11874;2026-08-05 05:10:00;USR-1174;22;Standard;1;0;100;Card;Dota 2;2.0;0
SESS-12370;2026-08-31 06:37:00;USR-1607;17;Standard;3;360;300;Card;CS2;5.0;0
SESS-11769;2026-08-21 01:43:00;USR-1663;21;Standard;2;0;180;Card;Deadlock;4.5;1
SESS-15476;2026-08-22 12:33:00;USR-1678;14;VIP;2;0;400;Card;CS2;2.0;0
SESS-13413;2026-08-09 13:42:00;USR-1099;21;Standard;12;0;1080;Card;Dota 2;4.0;1
SESS-11983;2026-08-24 06:53:00;USR-1552;30;Standard;2;0;200;Card;CS2;4.0;0
SESS-10531;2026-08-25 18:25:00;USR-1587;17;Bootcamp;2;0;270;Cash;Dota 2;4.0;1
SESS-15396;2026-08-24 02:17:00;USR-1209;24;Standard;2;100;200;Card;Apex Legends;4.5;0
SESS-15686;2026-08-30 05:00:00;USR-1013;22;Standard;1;0;100;App;CS2;5.0;0
SESS-14865;2026-08-29 01:02:00;USR-1501;16;Standard;4;200;360;Cash;Deadlock;5.0;1
SESS-17016;2026-08-23 07:58:00;USR-1593;20;PS5;2;100;500;App;Valorant;4.5;0
SESS-14607;2026-08-11 13:50:00;USR-1636;16;Standard;4;0;400;Card;CS2;5.0;0
SESS-12163;2026-08-22 06:38:00;USR-1234;21;Standard;3;0;300;Cash;CS2;4.0;0
SESS-10731;2026-08-15 13:00:00;USR-1217;14;Standard;2;240;200;Card;Deadlock;4.5;0
SESS-12339;2026-08-23 08:33:00;USR-1183;22;Standard;3;0;300;Card;CS2;4.5;0
SESS-15478;2026-08-15 15:27:00;USR-1778;17;Bootcamp;8;1060;1200;App;Valorant;3.0;0
SESS-12232;2026-08-15 10:24:00;USR-1309;23;VIP;3;610;600;Card;Valorant;3.0;0
SESS-14990;2026-08-30 12:01:00;USR-1097;19;VIP;2;0;400;Card;Dota 2;4.0;0
SESS-17114;2026-08-12 20:37:00;USR-1371;16; standard ;4;0;360;App;CS2;4.0;1
SESS-14765;2026-08-30 12:42:00;USR-1503;19;VIP;4;0;720;Card;PUBG;4.0;1
SESS-14333;2026-08-29 23:40:00;USR-1226;38;Bootcamp;3;0;405;Card;Dota 2;5.0;1
SESS-15307;2026-08-30 08:02:00;USR-1716;24;Standard;4;0;400;App;Minecraft;4.0;0
SESS-13903;2026-08-31 18:35:00;USR-1218;16;Bootcamp;1;300;150;Card;Minecraft;5.0;0
SESS-16122;2026-08-16 11:01:00;USR-1796;26; standard ;2;0;180;Card;CS2;4.5;1
SESS-12705;2026-08-01 03:03:00;USR-1469;24;Bootcamp;1;370;150;Card;CS2;3.0;0
SESS-11255;2026-08-04 14:15:00;USR-1161;19;PS5;3;150;675;Cash;Dota 2;4.0;1
SESS-12104;2026-08-23 07:33:00;USR-1637;27;PS5;3;0;750;Card;Dota 2;4.0;0
SESS-16353;2026-08-24 22:17:00;USR-1199;26;Standard;4;0;400;Card;GTA V;5.0;0
SESS-15610;2026-08-09 00:16:00;USR-1155;16;Bootcamp;5;500;750;Card;CS2;2.0;0
SESS-10898;2026-08-25 04:58:00;USR-1329;22;Standard;3;0;270;Card;CS2;4.5;1
SESS-10428;2026-08-24 18:50:00;USR-1397;24;ps5;2;0;400;Cash;Minecraft;3.0;0
SESS-15574;2026-08-06 16:47:00;USR-1538;16;VIP;8;0;1600;Card;CS2;4.0;0
SESS-15241;2026-08-07 16:41:00;USR-1164;14;VIP;5;0;1000;Card;Dota 2;3.0;0
SESS-15903;2026-08-18 15:16:00;USR-1782;23;PS5;8;640;2000;App;Deadlock;4.5;0
SESS-16830;2026-08-23 06:19:00;USR-1001;16;PS5;2;100;500;Card;Dota 2;3.0;0
SESS-11222;2026-08-29 01:54:00;USR-1175;25;Standard;2;100;200;App;Apex Legends;3.0;0
SESS-17036;2026-08-03 12:03:00;USR-1316;35;;PS5;2;0;Card;Minecraft;5.0;0
SESS-15404;2026-08-16 21:26:00;USR-1796;26;Standard;12;0;1200;Card;Dota 2;3.0;0
SESS-14838;2026-08-31 09:57:00;USR-1677;25;Bootcamp;5;0;750;Cash;PUBG;4.0;0
SESS-12995;2026-08-25 18:44:00;USR-1333;35;VIP;2;0;400;App;Valorant;5.0;0
SESS-17021;2026-08-16 17:23:00;USR-1364;14;PS5;1;0;250;Card;GTA V;5.0;0
SESS-11621;2026-08-19 20:02:00;USR-1759;20;Bootcamp;4;0;600;App;Deadlock;4.0;0
SESS-16739;2026-08-28 02:04:00;USR-1020;18;PS5;4;0;1000;Card;CS2;4.5;0
SESS-14348;2026-08-19 10:25:00;USR-1005;33;Bootcamp;4;0;600;Card;CS2;4.0;0
SESS-16770;2026-08-20 15:10:00;USR-1034;16;Standard;1;0;100;App;GTA V;5.0;0
SESS-11096;2026-08-08 21:01:00;USR-1645;15;Standard;4;320;360;App;CS2;2.0;1
SESS-12715;2026-08-25 13:30:00;USR-1441;21;Standard;8;0;800;Card;Dota 2;4.0;0
SESS-12072;2026-08-30 15:44:00;USR-1305;19;VIP;1;0;180;Card;CS2;4.0;1
SESS-16817;2026-08-31 22:44:00;USR-1572;15;Standard;2;100;200;Card;Dota 2;4.5;0
SESS-15008;2026-08-13 19:44:00;USR-1650;16;Bootcamp;3;0;450;Cash;CS2;;0
SESS-16956;2026-08-19 08:56:00;USR-1195;16;Standard;1;0;100;Card;Dota 2;5.0;0
SESS-16365;2026-08-15 10:01:00;USR-1038;26;VIP;3;0;540;App;Dota 2;2.0;1
SESS-12588;2026-08-31 15:54:00;USR-1018;26;Standard;4;800;400;Card;Minecraft;5.0;0
SESS-11788;2026-08-04 14:56:00;USR-1592;20;VIP;3;0;600;Card;Apex Legends;4.0;0
SESS-15461;2026-08-02 18:51:00;USR-1221;22;;VIP;2;350;Card;Dota 2;4.5;0
SESS-16173;2026-08-02 00:32:00;USR-1134;22;Standard;2;0;200;Card;Valorant;3.0;0
;2026-08-21 09:53:00;;36;VIP;8;1210;1440;Card;Valorant;5.0;1
SESS-13614;2026-08-25 14:37:00;USR-1598;16;Standard;3;0;270;Card;Deadlock;4.5;1
SESS-10192;2026-08-21 23:09:00;USR-1054;21;Standard;3;150;300;Card;PUBG;4.0;0
SESS-13101;2026-08-18 04:51:00;USR-1720;27;Bootcamp;2;0;300;Card;Valorant;4.5;0
SESS-11126;2026-08-23 12:58:00;USR-1484;24;Standard;1;0;90;App;CS2;4.0;1
SESS-13082;08/12/26;USR-1397;24;VIP;2;0;400;Card;CS2;3.0;0
SESS-14918;2026-08-25 17:09:00;USR-1465;14;Standard;2;0;180;Card;Dota 2;4.0;1
SESS-16495;2026-08-22 08:03:00;USR-1570;26;Bootcamp;4;0;600;App;Dota 2;4.5;0
SESS-10304;2026-08-12 14:58:00;USR-1133;19;VIP;4;300;800;Card;CS2;4.5;0
SESS-14251;2026-08-15 22:11:00;USR-1715;21;Standard;3;0;300;App;Deadlock;4.0;0
SESS-11292;2026-08-10 07:54:00;USR-1713;25;PS5;4;0;900;Card;Apex Legends;5.0;1
SESS-10070;2026-08-20 20:01:00;USR-1091;20;Bootcamp;8;1850;1080;Card;CS2;4.5;1
SESS-16400;2026-08-15 11:36:00;USR-1603;14;Standard;2;0;180;Card;Dota 2;2.0;1
SESS-14304;2026-08-10 03:57:00;USR-1180;17;PS5;3;0;750;Card;CS2;4.5;0
SESS-12687;2026-08-09 12:32:00;USR-1025;15;Standard;1;0;100;Card;Valorant;4.0;0
SESS-14825;2026-08-20 16:08:00;USR-1621;23;Standard;3;0;270;Cash;CS2;5.0;1
SESS-10831;2026-08-23 01:53:00;USR-1458;16;Bootcamp;1;370;150;Card;CS2;4.0;0
SESS-14763;2026-08-30 13:09:00;USR-1236;21;Bootcamp;4;0;600;Card;CS2;4.0;0
SESS-11456;2026-08-28 20:11:00;USR-1206;15;Standard;2;0;200;Card;CS2;;0
SESS-15291;2026-08-08 00:16:00;USR-1240;21;VIP;8;1700;1600;Cash;CS2;5.0;0
SESS-14603;2026-08-30 07:43:00;USR-1035;17;Standard;1;80;100;Card;Cyberpunk 2077;4.0;0
SESS-10238;2026-08-06 06:14:00;USR-1492;16;Standard;12;0;1200;Card;Minecraft;4.0;0
SESS-10092;2026-08-22 15:29:00;USR-1205;34;Standard;3;0;300;Card;Minecraft;4.0;0
SESS-13080;2026-08-27 17:50:00;USR-1343;15;Standard;1;120;100;Card;Dota 2;4.5;0
SESS-17170;2026-08-03 00:55:00;USR-1798;16;Standard;3;0;300;Card;Dota 2;4.5;0
SESS-14019;2026-08-29 01:45:00;USR-1601;27;Standard;1;80;100;App;Dota 2;5.0;0
SESS-13484;2026-08-05 09:32:00;USR-1418;16;PS5;12;0;3000;Card;CS2;4.0;0
SESS-15064;2026-08-04 02:01:00;USR-1032;16;PS5;4;480;1000;Cash;Dota 2;3.0;0
SESS-16557;2026-08-12 08:26:00;USR-1677;25;PS5;1;0;250;Card;CS2;4.0;0
SESS-13844;2026-08-04 09:03:00;USR-1238;30;PS5;1;80;250;Card;Valorant;4.5;0
SESS-17228;2026-08-17 03:18:00;USR-1739;28;VIP;2;0;360;Card;Dota 2;5.0;1
SESS-11001;2026-08-12 05:36:00;USR-1408;28;Bootcamp;2;0;300;Card;CS2;4.5;0
SESS-15228;2026-08-31 08:32:00;USR-1366;24;Bootcamp;~8;500;1200;Card;CS2;4.5;0
SESS-17233;2026-08-27 05:20:00;USR-1149;17;Bootcamp;1;0;150;Card;Dota 2;3.0;0
SESS-12377;2026-08-09 09:12:00;USR-1445;15;Standard;3;360;300;App;Apex Legends;4.0;0
SESS-15808;2026-08-13 23:22:00;USR-1166;26;Standard;2;0;200;Cash;CS2;4.0;0
SESS-13187;2026-08-13 12:32:00;USR-1376;16;Standard;2;0;180;Card;Dota 2;3.0;1
SESS-12917;2026-08-19 19:13:00;USR-1538;16;Standard;8;640;800;Card;GTA V;4.0;0
SESS-11532;2026-08-18 02:23:00;USR-1159;24;Standard;1;0;100;Card;CS2;4.0;0
SESS-12410;2026-08-22 05:11:00;USR-1364;14;VIP;2;0;400;Card;Deadlock;4.0;0
SESS-15623;2026-08-18 14:54:00;USR-1044;17;VIP;3;490;600;Card;Dota 2;4.0;0
SESS-10411;2026-08-20 10:37:00;USR-1663;21;Standard;5;0;450;Cash;Minecraft;4.0;1
SESS-13193;2026-08-15 04:34:00;USR-1091;20;Bootcamp;4;0;540;App;Apex Legends;3.0;1
SESS-17240;2026-08-14 09:32:00;USR-1142;16;Standard;2;0;200;Card;CS2;2.0;0
SESS-12805;2026-08-23 21:10:00;USR-1738;37;Standard;3;360;270;Card;CS2;5.0;1
SESS-16970;2026-08-06 07:38:00;USR-1581;18;Standard;2;100;200;Cash;CS2;4.5;0
SESS-15542;2026-08-27 19:52:00;USR-1070;22;Bootcamp;8;0;1080;Card;CS2;4.0;1
;2026-08-26 13:06:00;;16;Standard;3;0;270;Card;Dota 2;4.5;1
SESS-16548;2026-08-09 12:31:00;USR-1558;14;Standard;2;0;200;Card;GTA V;4.0;0
SESS-13921;2026-08-26 21:09:00;USR-1445;15;Standard;3;0;300;Card;GTA V;5.0;0
SESS-16884;2026-08-11 10:22:00;USR-1632;14;VIP;4;0;800;Card;Minecraft;2.0;0
SESS-15744;2026-08-03 02:24:00;USR-1301;23;Standard;2;100;200;Card;CS2;2.0;0
SESS-13021;2026-08-29 05:30:00;USR-1211;26;VIP;2;340;400;Card;CS2;5.0;0
SESS-10633;2026-08-24 19:12:00;USR-1033;20;Standard;12;960;1200;Card;PUBG;4.5;0
SESS-10498;2026-08-05 21:24:00;USR-1039;20;Bootcamp;1;330;150;Card;Dota 2;4.0;0
SESS-12463;2026-08-25 13:03:00;USR-1746;17;Standard;2;0;200;App;Valorant;5.0;0
SESS-14241;2026-08-08 12:44:00;USR-1698;15;Standard;2;400;180;Card;Valorant;4.0;1
SESS-10637;2026-08-06 06:13:00;USR-1050;27;Standard;1;50;100;Card;CS2;4.5;0
SESS-10720;2026-08-16 00:28:00;USR-1597;25;ps5;1;0;100;App;Dota 2;4.0;0
SESS-10288;2026-08-28 07:37:00;USR-1051;23;VIP;2;500;400;App;CS2;4.0;0
SESS-10757;2026-08-14 14:43:00;USR-1643;16;PS5;3;240;750;Card;Minecraft;5.0;0
SESS-12913;2026-08-06 20:44:00;USR-1428;16;VIP;2;0;400;Card;CS2;4.0;0
SESS-13024;2026-08-10 17:48:00;USR-1686;23;Standard;5;1000;500;App;Valorant;4.5;0
SESS-14104;2026-08-25 11:36:00;USR-1486;23;Bootcamp;2;0;300;Card;Dota 2;4.5;0
SESS-14472;2026-08-27 06:41:00;USR-1519;17;Bootcamp;1;0;150;Card;CS2;4.0;0
SESS-14518;2026-08-17 13:13:00;USR-1030;18;Standard;12;0;1200;App;Deadlock;4.0;0
SESS-16605;2026-08-19 20:55:00;USR-1004;31;Standard;2;0;180;Cash;Dota 2;2.0;1
SESS-10596;2026-08-18 22:38:00;USR-1767;29;Standard;2;400;200;Card;Dota 2;4.5;0
SESS-14950;2026-08-24 10:15:00;USR-1125;30; standard ;1;0;100;App;Deadlock;3.0;0
SESS-11068;2026-08-26 12:13:00;USR-1118;14;Standard;2;400;200;Card;Valorant;4.0;0
SESS-11942;2026-08-08 21:06:00;USR-1695;37;VIP;1;0;180;Card;Dota 2;4.5;1
SESS-11647;2026-08-01 13:36:00;USR-1071;14;Bootcamp;1;220;135;App;Valorant;4.5;1
SESS-14516;2026-08-31 11:04:00;USR-1166;26;Standard;2;100;200;Card;Dota 2;4.0;0
SESS-15128;2026-08-06 21:16:00;USR-1059;18;Standard;2 часа;0;200;Card;Apex Legends;4.5;0
SESS-12700;2026-08-13 08:46:00;USR-1006;35;Standard;4;320;360;App;Apex Legends;4.0;1
SESS-11700;2026-08-15 22:11:00;USR-1098;20;VIP;3;490;540;App;CS2;4.0;1
SESS-16050;2026-08-19 04:12:00;USR-1711;21;VIP;1;180;200;Card;Valorant;4.5;0
SESS-16654;2026-08-17 03:22:00;USR-1193;19;Bootcamp;1;330;150;Card;CS2;3.0;0
SESS-13317;2026-08-21 22:57:00;USR-1432;21;Standard;1;0;100;Card;PUBG;4.0;0
SESS-16423;2026-08-18 15:29:00;USR-1167;17;Standard;2;0;200;Card;Deadlock;4.0;0
SESS-13091;2026-08-22 00:20:00;USR-1699;29;VIP;2;0;400;Card;Deadlock;2.0;0
SESS-15453;2026-08-31 18:22:00;USR-1566;14;Standard;2;240;200;Card;CS2;4.5;0
SESS-12123;2026-08-12 21:13:00;USR-1640;21;Bootcamp;1;0;150;App;Dota 2;5.0;0
SESS-13720;2026-08-05 18:07:00;USR-1204;14;Standard;5;0;500;Card;Dota 2;4.0;0
SESS-10086;2026-08-02 16:19:00;USR-1144;14;Standard;3;0;300;Card;PUBG;3.0;0
SESS-12308;2026-08-25 16:46:00;USR-1034;16;Standard;2;400;180;Cash;Deadlock;3.0;1
SESS-12677;2026-08-25 02:00:00;USR-1727;25;Standard;3;0;300;Card;CS2;4.5;0
SESS-15080;2026-08-18 12:22:00;USR-1735;14;Standard;2;100;180;Card;PUBG;5.0;1
SESS-14994;2026-08-04 12:36:00;USR-1526;15;Standard;3;0;270;Card;CS2;5.0;1
SESS-12594;2026-08-17 10:51:00;USR-1469;24;VIP;3;0;540;Card;Dota 2;3.0;1
SESS-17096;2026-08-28 21:37:00;USR-1283;33;VIP;2;260;400;Card;CS2;5.0;0
SESS-11029;2026-08-24 23:02:00;USR-1429;34;Standard;5;600;500;Card;CS2;5.0;0
SESS-13513;2026-08-26 06:28:00;USR-1736;23;Bootcamp;8;0;1200;Card;Valorant;4.0;0
SESS-12876;2026-08-04 10:11:00;USR-1790;23;Standard;1;0;100;Card;Deadlock;4.0;0
SESS-15484;2026-08-01 12:20:00;USR-1675;22;VIP;3;340;600;Card;CS2;2.0;0
SESS-12144;2026-08-09 19:43:00;USR-1169;15;PS5;5;250;1250;Card;PUBG;4.0;0
SESS-15162;2026-08-01 04:19:00;USR-1657;17;VIP;3;0;600;Card;Minecraft;1.0;0
SESS-15952;2026-08-31 04:20:00;USR-1652;27;Standard;3;0;300;Cash;CS2;4.5;0
SESS-14722;2026-08-07 12:21:00;USR-1375;22;Bootcamp;2;0;300;Card;CS2;3.0;0
SESS-11200;2026-08-03 23:42:00;USR-1055;24;VIP;1;0;200;Card;PUBG;3.0;0
SESS-12025;2026-08-15 02:28:00;USR-1597;25;Standard;1;0;100;App;CS2;4.0;0
SESS-10621;2026-08-15 21:39:00;USR-1213;16;Standard;1;80;100;App;Dota 2;4.0;0
SESS-14141;08/20/26;USR-1255;18;Bootcamp;2;0;300;Card;CS2;3.0;0
SESS-10566;2026-08-22 06:16:00;USR-1053;24;Standard;1;200;100;Card;PUBG;4.5;0
SESS-13932;2026-08-25 11:30:00;USR-1174;22;Standard;2;240;180;Card;Minecraft;4.5;1
SESS-11837;2026-08-12 22:13:00;USR-1590;21;Standard;2;160;180;Card;Valorant;2.0;1
SESS-11334;2026-08-02 23:20:00;USR-1727;25;VIP;3;0;540;Card;CS2;4.5;1
SESS-16810;2026-08-11 03:40:00;USR-1179;21;Standard;3;0;300;Cash;PUBG;4.5;0
SESS-17177;2026-08-31 08:47:00;USR-1608;25;Standard;2;0;180;;Valorant;5.0;1
SESS-12099;2026-08-15 01:19:00;USR-1269;22; standard ;3;0;600;Card;Dota 2;4.0;0
SESS-16106;2026-08-05 19:23:00;USR-1783;14;Standard;3;360;300;Card;Valorant;2.0;0
SESS-13032;2026-08-24 05:45:00;USR-1322;36;Standard;3;0;300;Card;GTA V;4.0;0
SESS-15266;2026-08-24 12:55:00;USR-1685;23;Standard;1;0;1ОО;Cash;CS2;4.5;0
SESS-11688;2026-08-26 05:33:00;USR-1147;29;PS5;3;360;675;Card;Valorant;4.0;1
SESS-10745;2026-08-11 05:15:00;USR-1081;34;Standard;2;240;200;Card;Dota 2;5.0;0
SESS-15152;2026-08-22 13:16:00;USR-1366;24;Standard;1;120;90;Card;Dota 2;3.0;1
SESS-14160;2026-08-28 17:48:00;USR-1272;14;Standard;3;240;300;Card;CS2;4.0;0
SESS-12187;2026-08-30 03:21:00;USR-1133;19;Standard;1;0;100;App;Valorant;5.0;0
SESS-10195;2026-08-24 11:08:00;USR-1435;18;Standard;1;80;100;Card;Deadlock;2.0;0
SESS-11152;2026-08-10 12:42:00;USR-1354;15;Standard;2;160;180;Card;Valorant;3.0;1
SESS-13038;2026-08-07 23:52:00;USR-1429;34;Bootcamp;5;0;750;Card;CS2;4.0;0
SESS-14966;2026-08-03 12:39:00;USR-1560;14;Standard;1;0;100;Card;CS2;5.0;0
SESS-10802;2026-08-13 10:29:00;USR-1444;19;VIP;2;500;400;Card;Minecraft;4.5;0
SESS-14619;2026-08-03 02:45:00;USR-1617;22;VIP;2;340;400;Card;CS2;4.0;0
SESS-12350;2026-08-04 04:50:00;USR-1463;20;Standard;2;0;200;Card;Dota 2;5.0;0
SESS-13782;2026-08-07 01:36:00;USR-1611;14;Standard;2;0;200;Card;Deadlock;4.0;0
SESS-16832;2026-08-09 04:11:00;USR-1084;23;Standard;12;0;1200;Card;Minecraft;5.0;0
SESS-14871;2026-08-12 02:53:00;USR-1067;23;Standard;2;0;200;;Dota 2;4.5;0
;2026-08-22 08:52:00;USR-1052;15;VIP;3;0;600;App;Valorant;5.0;0
SESS-12907;2026-08-23 20:57:00;USR-1324;14;Bootcamp;2;0;300;Card;Dota 2;4.0;0
SESS-17088;2026-08-20 18:06:00;USR-1462;18;Standard;3;600;270;Card;Valorant;3.0;1
SESS-15822;2026-08-13 06:52:00;USR-1318;35;Standard;2;0;180;Cash;PUBG;3.0;1
SESS-10644;2026-08-18 09:19:00;USR-1143;21;Standard;5;250;500;Card;CS2;4.0;0
SESS-16672;2026-08-29 11:22:00;USR-1085;38;Bootcamp;1;330;150;Card;CS2;5.0;0
SESS-15649;2026-08-27 13:52:00;USR-1717;17;PS5;2;0;500;App;CS2;4.5;0
SESS-16877;2026-08-01 06:21:00;USR-1532;27;PS5;1;0;250;Card;CS2;4.5;0
SESS-15234;2026-08-29 00:11:00;USR-1616;26;Standard;2;100;180;App;CS2;4.0;1
SESS-10120;2026-08-04 05:20:00;USR-1227;24;Standard;1;200;90;App;Dota 2;4.0;1
SESS-11777;08/12/26;USR-1326;19;VIP;2;0;400;Card;Deadlock;4.0;0
SESS-17152;2026-08-24 11:33:00;USR-1431;26;Bootcamp;3;0;450;Card;CS2;4.5;0
SESS-16061;2026-08-11 16:08:00;USR-1182;16;Standard;3;240;300;Card;CS2;4.5;0
SESS-12135;2026-08-28 23:13:00;USR-1721;20;VIP;12;0;2400;Card;Valorant;3.0;0
SESS-13765;2026-08-15 15:28:00;USR-1303;27;PS5;3;600;750;App;CS2;5.0;0
SESS-14597;2026-08-17 14:16:00;USR-1214;25;Bootcamp;1;0;150;Cash;CS2;4.5;0
SESS-10134;2026-08-30 01:28:00;USR-1710;16;VIP;3;700;600;Card;PUBG;5.0;0
SESS-16666;2026-08-26 18:48:00;USR-1475;26;Standard;8;0;800;App;CS2;3.0;0
SESS-15220;2026-08-20 02:01:00;USR-1220;22;;Standard;2;0;App;Dota 2;5.0;1
SESS-16689;2026-08-31 04:24:00;USR-1066;16;Standard;4;480;400;Cash;CS2;3.0;0
SESS-13558;2026-08-22 15:02:00;USR-1465;14;Standard;2;160;180;App;CS2;4.5;1
SESS-12559;2026-08-05 19:23:00;USR-1076;16;Standard;2;0;200;Card;Valorant;2.0;0
SESS-10062;2026-08-01 14:38:00;USR-1089;17;VIP;3;0;600;Card;Deadlock;5.0;0
SESS-14919;2026-08-15 16:21:00;USR-1455;31;VIP;8;650;1600;Card;Valorant;4.5;0
SESS-16572;2026-08-22 15:55:00;USR-1433;22;Standard;1;0;100;Card;Dota 2;5.0;0
SESS-14340;2026-08-24 05:12:00;USR-1230;17;VIP;3;0;600;App;Valorant;4.5;0
SESS-14535;2026-08-29 22:04:00;USR-1553;17;Standard;2;240;180;Cash;CS2;4.5;1
SESS-12467;2026-08-06 04:30:00;USR-1595;20;Standard;1;120;100;Cash;Dota 2;5.0;0
SESS-10679;2026-08-31 09:22:00;USR-1730;25;Standard;1;200;90;Card;CS2;5.0;1
SESS-14812;2026-08-12 21:52:00;USR-1623;22;VIP;12;0;2160;Card;Valorant;4.5;1
SESS-10741;2026-08-07 04:42:00;USR-1766;33;PS5;2;0;500;App;GTA V;4.0;0
SESS-11211;2026-08-05 11:12:00;USR-1714;18;Standard;5;0;500;Cash;Dota 2;4.5;0
SESS-12170;2026-08-31 09:06:00;USR-1768;22;Standard;2;240;200;App;Dota 2;4.5;0
SESS-15687;2026-08-06 10:07:00;USR-1461;27;VIP;1;300;200;App;Minecraft;4.0;0
SESS-15151;2026-08-11 22:52:00;USR-1097;19;Standard;12;960;1200;Cash;Apex Legends;3.0;0
SESS-16476;2026-08-12 04:49:00;USR-1382;33;Standard;3;0;270;App;PUBG;5.0;1
SESS-12900;2026-08-20 06:31:00;USR-1523;22;Bootcamp;2;650;300;Card;Dota 2;4.5;0
SESS-10567;2026-08-06 20:02:00;USR-1754;20;Standard;2;0;200;Card;CS2;2.0;0
SESS-11873;2026-08-03 18:25:00;USR-1451;25;Standard;5;0;500;Card;CS2;4.0;0
SESS-13790;2026-08-20 03:02:00;USR-1031;24;Standard;5;0;450;Cash;Dota 2;4.5;1
SESS-12596;2026-08-28 12:50:00;USR-1709;17;Standard;2;0;200;App;Valorant;3.0;0
SESS-11717;2026-08-09 16:02:00;USR-1712;35;PS5;3;600;750;App;Dota 2;4.5;0
SESS-13240;2026-08-27 04:42:00;USR-1174;22;Bootcamp;5;650;750;Card;Dota 2;4.5;0
SESS-12843;2026-08-31 12:50:00;USR-1424;20;Standard;2;0;200;Card;CS2;4.5;0
SESS-11392;2026-08-31 06:50:00;USR-1585;22;PS5;1;120;250;Card;Dota 2;5.0;0
SESS-15662;2026-08-27 00:05:00;USR-1125;30;Standard;1;80;100;App;Deadlock;4.5;0
SESS-13392;2026-08-30 18:37:00;USR-1056;20;Standard;4;0;360;Card;CS2;5.0;1
SESS-15101;2026-08-25 18:04:00;USR-1204;14;PS5;2;100;500;Card;CS2;2.0;0
SESS-16193;2026-08-15 16:01:00;USR-1577;23;Standard;2;0;200;Card;Apex Legends;4.0;0
SESS-10489;2026-08-11 18:56:00;USR-1194;14;Standard;4;320;400;Card;Dota 2;4.5;0
SESS-10493;2026-08-10 13:00:00;USR-1491;14;Standard;2;0;200;Card;CS2;5.0;0
SESS-10690;2026-08-29 02:17:00;USR-1645;15;VIP;3;400;600;Cash;Dota 2;5.0;0
SESS-13879;2026-08-08 01:59:00;USR-1541;24;Standard;8;0;800;Card;Deadlock;4.5;0
SESS-10602;2026-08-16 19:28:00;USR-1356;16;Standard;2;100;200;Card;Minecraft;5.0;0
SESS-11911;2026-08-14 22:52:00;USR-1324;14;Standard;2;100;200;Card;Dota 2;4.0;0
SESS-16131;2026-08-01 06:44:00;USR-1260;21;Standard;3;150;300;Card;Dota 2;4.0;0
SESS-13827;2026-08-12 21:26:00;USR-1054;21;Standard;3;150;270;Card;Dota 2;4.0;1
SESS-13551;2026-08-23 09:34:00;USR-1093;17;PS5;5;400;1250;Card;Dota 2;5.0;0
SESS-15337;2026-08-09 18:44:00;USR-1678;140;Bootcamp;999;580;600;App;CS2;4.0;0
SESS-15696;2026-08-04 09:05:00;USR-1180;17;VIP;3;250;600;App;Valorant;5.0;0
SESS-14717;2026-08-02 12:44:00;USR-1610;22;Standard;2;240;200;Card;Dota 2;4.0;0
SESS-15160;2026-08-04 00:06:00;USR-1443;14;VIP;3;490;540;Cash;Dota 2;4.5;1
SESS-12366;2026-08-03 08:14:00;USR-1582;19;PS5;5;250;1250;Card;CS2;4.0;0
SESS-11187;2026-08-29 22:22:00;USR-1308;15;PS5;1;200;250;Cash;Dota 2;4.0;0
SESS-10274;2026-08-18 20:01:00;USR-1166;26;PS5;2;0;500;Card;Valorant;4.0;0
SESS-16032;2026-08-16 21:10:00;USR-1614;15;VIP;2;650;400 руб.;Card;Dota 2;4.0;0
SESS-14343;2026-08-16 07:03:00;USR-1090;27;Standard;3;600;300;Card;CS2;5.0;0
SESS-11361;2026-08-29 00:33:00;USR-1770;21;PS5;1;0;250;Card;Valorant;5.0;0
SESS-16497;2026-08-15 05:33:00;USR-1546;29;Standard;2;0;200;Card;CS2;5.0;0
SESS-11526;2026-08-25 03:52:00;USR-1067;23;Standard;3;150;270;App;Minecraft;5.0;1
SESS-13813;2026-08-22 18:49:00;USR-1629;22;Standard;2;400;200;Card;Valorant;4.0;0
SESS-16189;2026-08-19 23:42:00;USR-1219;20;Bootcamp;5;1250;750;App;Valorant;5.0;0
SESS-11606;2026-08-16 19:12:00;USR-1447;20;Bootcamp;4;300;600;Card;CS2;5.0;0
SESS-13698;2026-08-29 04:05:00;USR-1279;16;Bootcamp;1;330;150;App;Valorant;5.0;0
SESS-16285;2026-08-09 08:55:00;USR-1515;21;Standard;3;0;300;Card;CS2;4.0;0
SESS-17095;2026-08-11 05:12:00;USR-1325;22;Standard;1;50;90;App;Deadlock;5.0;1
SESS-11337;2026-08-19 21:13:00;USR-1216;20;Standard;12;0;1200;Card;Dota 2;4.0;0
SESS-13297;2026-08-12 22:15:00;USR-1163;14;Standard;2;240;200;App;CS2;3.0;0
SESS-10945;2026-08-25 21:23:00;USR-1563;41;VIP;1;220;200;Card;CS2;4.0;0
SESS-15930;2026-08-01 23:13:00;USR-1771;21;PS5;2;100;500;Card;CS2;4.5;0
SESS-12250;2026-08-30 04:37:00;USR-1126;33;Standard;4;0;400;Card;Minecraft;4.0;0
SESS-15934;2026-08-08 01:35:00;USR-1273;14;VIP;12;2500;2400;App;Dota 2;4.5;0
SESS-14003;2026-08-11 05:02:00;USR-1548;16;Bootcamp;3;0;450;Card;Deadlock;5.0;0
SESS-14230;2026-08-06 23:23:00;USR-1152;17;Standard;12;0;1200;Card;Valorant;3.0;0
SESS-12346;2026-08-15 04:26:00;USR-1106;15;Bootcamp;2;340;300;App;CS2;4.5;0
SESS-10068;2026-08-09 11:28:00;USR-1129;34;VIP;1;0;200;App;Dota 2;4.0;0
SESS-15519;2026-08-21 20:27:00;USR-1630;21;Standard;4;320;400;Card;CS2;3.0;0
;2026-08-01 16:02:00;USR-1467;15;Standard;8;0;720;Card;Dota 2;4.5;1
SESS-14076;2026-08-03 04:55:00;USR-1760;17;Bootcamp;3;460;405;Card;Dota 2;4.0;1
SESS-11598;2026-08-23 18:49:00;USR-1247;22;VIP;1;0;200 ₽;Cash;Valorant;5.0;0
SESS-15826;2026-08-13 21:57:00;USR-1389;15;Standard;1 ч.;50;100;App;CS2;4.0;0
SESS-14438;2026-08-16 05:13:00;USR-1299;21;PS5;4;320;1000;App;CS2;4.0;0
SESS-15174;2026-08-09 22:20:00;USR-1628;14;Standard;1;80;90;Cash;CS2;4.5;1
SESS-11503;2026-08-10 04:31:00;USR-1530;21;Standard;1;0;100;Card;Apex Legends;5.0;0
SESS-13312;2026-08-14 15:45:00;USR-1610;22;VIP;3;0;540;Card;Dota 2;5.0;1
SESS-10150;2026-08-26 10:26:00;USR-1011;39;VIP;12;0;2400;Card;CS2;4.0;0
SESS-12804;2026-08-03 13:22:00;USR-1493;14;Bootcamp;12;1210;1800;Card;Dota 2;2.0;0
SESS-13258;2026-08-19 05:48:00;USR-1051;23;VIP;3;0;600;App;CS2;4.0;0
SESS-12086;2026-08-02 18:17:00;USR-1207;17;Standard;2;0;200;Card;CS2;3.0;0
SESS-16878;2026-08-09 13:20:00;USR-1301;23;Standard;3;0;270;Card;CS2;5.0;1
SESS-12259;2026-08-27 11:21:00;USR-1059;18;Standard;12;600;1200;Card;Apex Legends;4.0;0
SESS-13505;2026-08-15 06:46:00;USR-1465;14;VIP;2;0;400;Card;Minecraft;5.0;0
SESS-13454;2026-08-26 22:00:00;USR-1686;23;VIP;3;250;600;Card;Dota 2;5.0;0
SESS-15812;2026-08-08 15:27:00;USR-1644;22;Bootcamp;8;500;1200;Card;Dota 2;4.0;0
SESS-13340;2026-08-17 05:37:00;USR-1545;25;VIP;2;350;400 руб.;Card;Dota 2;5.0;0
SESS-10859;2026-08-13 16:46:00;USR-1720;27;Bootcamp;2;490;300;Card;Valorant;5.0;0
SESS-13095;2026-08-05 08:12:00;USR-1052;15;Bootcamp;1;0;150;Card;Valorant;4.0;0
SESS-17188;2026-08-06 05:09:00;USR-1338;22;Bootcamp;8;0;1080;Card;PUBG;3.0;1
SESS-13680;2026-08-29 09:44:00;USR-1747;25;VIP;3;0;600;Card;CS2;1.0;0
SESS-14526;2026-08-28 14:42:00;USR-1479;18;VIP;2;0;400;Card;Apex Legends;4.5;0
SESS-16340;2026-08-20 22:13:00;USR-1532;27;Standard;3;0;300;Card;Dota 2;4.0;0
SESS-10366;2026-08-11 13:19:00;USR-1280;19;Standard;2;0;200;App;GTA V;3.0;0
SESS-11432;2026-08-11 22:24:00;USR-1234;21;Standard;2;100;200;Card;CS2;5.0;0
SESS-15278;2026-08-22 14:30:00;USR-1408;28;PS5;5;0;1250;Card;Minecraft;3.0;0
SESS-11779;2026-08-05 20:24:00;USR-1524;29;Bootcamp;3;0;450;Cash;CS2;2.0;0
SESS-14596;2026-08-24 19:35:00;USR-1640;21;VIP;3;0;600;Card;PUBG;5.0;0
SESS-13753;2026-08-20 03:35:00;USR-1716;24;VIP;3;0;600;Card;Minecraft;1.0;0
SESS-11818;2026-08-03 12:15:00;USR-1741;25;Bootcamp;3;460;450;Card;Minecraft;4.0;0
SESS-14810;2026-08-05 03:07:00;USR-1581;18;VIP;3;0;540;Card;CS2;;1
SESS-10841;2026-08-16 06:47:00;USR-1331;15;Standard;3;0;300;Card;Dota 2;3.0;0
SESS-12704;2026-08-10 15:15:00;USR-1735;14;Bootcamp;1;0;150;Card;Dota 2;5.0;0
SESS-11189;2026-08-05 02:09:00;USR-1220;22;Standard;2;400;200;Card;Browser/Work;4.0;0
SESS-10175;2026-08-20 08:40:00;USR-1025;15;Bootcamp;4;900;540;Card;CS2;4.0;1
SESS-14176;2026-08-14 17:54:00;USR-1781;27;;Standard;3;360;Card;Valorant;5.0;0
SESS-17097;2026-08-24 16:08:00;USR-1163;14;Standard;5;600;500;Card;Minecraft;5.0;0
SESS-10617;2026-08-06 15:03:00;USR-1402;23;Standard;2;0;200;Card;CS2;3.0;0
SESS-12093;2026-08-26 23:31:00;USR-1030;18;Bootcamp;3;0;450;App;Cyberpunk 2077;4.5;0
SESS-15500;2026-08-14 08:33:00;USR-1624;18;Standard;8;0;800;App;Dota 2;4.0;0
SESS-10082;2026-08-09 19:42:00;USR-1267;16;VIP;3;0;600;App;CS2;4.5;0
SESS-10816;2026-08-22 15:22:00;USR-1038;26;Standard;1;0;100;Card;Browser/Work;5.0;0
SESS-11030;2026-08-29 21:32:00;USR-1657;17;Standard;3;240;300;Card;Dota 2;4.0;0
SESS-15551;2026-08-05 23:01:00;USR-1068;18;Standard;3;0;300;Card;CS2;4.5;0
SESS-10300;2026-08-22 15:01:00;USR-1544;19;Standard;2;400;200;Card;Apex Legends;4.0;0
SESS-14195;2026-08-17 08:48:00;USR-1652;27;Standard;2;0;200;Card;Valorant;5.0;0
SESS-11472;2026-08-20 23:30:00;USR-1427;21;PS5;~2;100;500;Card;CS2;4.0;0
SESS-10283;2026-08-17 00:37:00;USR-1436;23;VIP;12;1210;2160;Card;Minecraft;4.0;1
SESS-12028;2026-08-15 10:51:00;USR-1102;28;VIP;5;0;1000;Card;Valorant;4.5;0
SESS-14024;2026-08-05 16:01:00;USR-1566;14;Standard;3;240;300;App;CS2;4.5;0
SESS-15137;2026-08-28 20:13:00;USR-1017;16;Standard;1 ч.;0;100;Card;Dota 2;5.0;0
SESS-15981;2026-08-22 23:11:00;USR-1598;16;Standard;5;250;500;Card;CS2;2.0;0
SESS-13742;2026-08-06 03:29:00;USR-1544;19;PS5;2;0;500;App;Minecraft;3.0;0
SESS-11813;2026-08-19 10:43:00;USR-1648;15;Bootcamp;3;0;405;Card;Dota 2;4.5;1
SESS-11271;2026-08-29 20:25:00;USR-1703;20;VIP;2;350;400;Card;CS2;4.0;0
SESS-16608;2026-08-17 18:15:00;USR-1343;3;Standard;-2;360;300;Card;Deadlock;4.0;0
SESS-13309;2026-08-06 17:45:00;USR-1232;18;Standard;1;50;100;Card;Dota 2;4.5;0
SESS-13114;2026-08-16 17:26:00;USR-1273;14;VIP;2;350;360;App;CS2;4.5;1
SESS-15605;2026-08-13 22:42:00;USR-1230;17;PS5;2;100;500;App;CS2;4.5;0
SESS-15114;2026-08-02 04:55:00;USR-1389;15;Standard;3;150;300;App;Minecraft;3.0;0
SESS-10820;2026-08-18 13:45:00;USR-1117;17;Bootcamp;1;0;150;Card;Dota 2;5.0;0
SESS-12313;2026-08-26 10:17:00;USR-1171;39;PS5;2;160;500;Card;CS2;2.0;0
SESS-12008;2026-08-16 06:28:00;USR-1561;21;PS5;2;0;450;Card;CS2;5.0;1
SESS-16714;2026-08-12 12:17:00;USR-1437;15;Standard;3;0;270;App;PUBG;4.5;1
SESS-12642;2026-08-12 05:02:00;USR-1405;23;Standard;3;0;300;App;Dota 2;4.0;0
SESS-17304;2026-08-24 21:27:00;USR-1376;16;Standard;2;400;180;Card;Dota 2;1.0;1
SESS-16876;2026-08-03 14:20:00;USR-1410;25;Standard;1;80;100;Card;GTA V;5.0;0
SESS-12305;2026-08-27 17:12:00;USR-1059;18;Standard;12;0;1200;App;Minecraft;2.0;0
SESS-13964;2026-08-10 16:57:00;USR-1322;36;PS5;12;1440;3000;Cash;CS2;5.0;0
SESS-16155;2026-08-01 12:54:00;USR-1060;18;VIP;12;0;2160;Cash;Valorant;4.0;1
SESS-10099;2026-08-30 11:38:00;USR-1211;26;Standard;2;240;180;Card;Dota 2;5.0;1
SESS-14416;2026-08-16 05:49:00;USR-1029;20;Standard;3;0;300;App;Dota 2;4.0;0
SESS-10744;2026-08-04 01:43:00;USR-1600;20;Standard;4;480;400;App;Valorant;3.0;0
SESS-16981;2026-08-04 21:28:00;USR-1635;22;VIP;4;0;720;Card;Dota 2;4.5;1
SESS-10480;2026-08-28 00:28:00;USR-1598;16;Standard;1;120;90;Card;Valorant;5.0;1
SESS-14984;2026-08-22 02:46:00;USR-1251;14;Standard;4;480;400;Card;CS2;5.0;0
SESS-11562;2026-08-07 19:43:00;USR-1671;20;Standard;2;400;200;App;Deadlock;5.0;0
SESS-15894;2026-08-23 17:13:00;USR-1411;16;Standard;2;0;200;Card;CS2;4.0;0
SESS-11157;2026-08-18 04:41:00;USR-1120;28;Bootcamp;8;0;1200;Card;Dota 2;4.5;0
SESS-16324;2026-08-21 08:38:00;USR-1078;20;VIP ;1;0;200;Card;Apex Legends;4.5;0
SESS-14864;2026-08-06 09:40:00;USR-1675;22;Bootcamp;2;0;300;App;Valorant;5.0;0
SESS-11437;2026-08-08 10:34:00;USR-1193;19;Standard;2;0;200;App;Minecraft;4.0;0
SESS-12414;2026-08-03 19:57:00;USR-1343;15;Standard;8;0;800;Card;CS2;4.0;0
SESS-14407;2026-08-21 09:25:00;USR-1320;28;Standard;3;240;300;App;CS2;3.0;0
SESS-10402;2026-08-13 18:50:00;USR-1549;19;VIP;2;0;360;Card;CS2;4.0;1
SESS-12195;2026-08-09 00:37:00;USR-1050;27;Bootcamp;2;0;270;Card;Valorant;4.0;1
SESS-10949;2026-08-02 14:03:00;USR-1612;31;Standard;2;0;180;App;Dota 2;5.0;1
SESS-13412;2026-08-11 07:49:00;USR-1360;15;Standard;3;0;300;App;Valorant;4.0;0
SESS-12067;2026-08-25 10:32:00;USR-1103;3;Standard;999;0;300;Card;Dota 2;4.0;0
SESS-14961;2026-08-27 01:47:00;USR-1049;29;Bootcamp;2;0;300;Card;CS2;5.0;0
SESS-15273;2026-08-23 12:36:00;USR-1168;16;Standard;2;400;200;Card;Valorant;3.0;0
SESS-10668;2026-08-25 09:33:00;USR-1782;23;Bootcamp;12;1690;1800;Card;CS2;4.5;0
SESS-10218;2026-08-05 23:22:00;USR-1443;14;Standard;2;0;200;Card;PUBG;2.0;0
SESS-11962;2026-08-23 06:47:00;USR-1670;22;Standard;2;240;200;Cash;Dota 2;5.0;0
SESS-13459;2026-08-04 15:34:00;USR-1035;17;Standard;1;0;100;Card;Valorant;4.0;0
SESS-14059;2026-08-13 23:01:00;USR-1049;29;Standard;2;0;180;App;Dota 2;3.0;1
SESS-12213;2026-08-29 19:27:00;USR-1283;33;Standard;4;0;400;Card;CS2;4.0;0
SESS-12633;2026-08-26 21:55:00;USR-1363;26;Standard;2;160;200;Cash;Dota 2;5.0;0
SESS-11659;08/24/26;USR-1218;16;Standard;2;0;200;Card;CS2;4.0;0
SESS-13221;2026-08-31 23:13:00;USR-1337;21;Standard;2;0;200;Card;Valorant;2.0;0
SESS-15046;2026-08-18 21:25:00;USR-1404;15;Standard;2;0;200;Card;Dota 2;3.0;0
SESS-14991;2026-08-23 06:02:00;USR-1093;17;VIP;3;850;600;Card;PUBG;4.0;0
SESS-12145;2026-08-02 09:52:00;USR-1260;3;PS5;-2;600;2700;Card;PUBG;4.5;1
SESS-10777;2026-08-20 15:25:00;USR-1053;24;VIP;1;180;200;Cash;Valorant;3.0;0
SESS-12434;2026-08-19 20:40:00;USR-1506;17;VIP;2;340;360;Card;Minecraft;3.0;1
SESS-13066;2026-08-02 23:17:00;USR-1096;28;Standard;1;0;100;App;Dota 2;5.0;0
SESS-16435;2026-08-15 10:28:00;USR-1164;14;Standard;3 ч.;0;300;App;Cyberpunk 2077;4.5;0
SESS-14762;2026-08-10 23:20:00;USR-1799;20;VIP;8;650;1600;App;Dota 2;5.0;0
SESS-14574;2026-08-26 05:06:00;USR-1362;17;Bootcamp;2;0;270;Cash;CS2;5.0;1
SESS-11491;2026-08-12 09:54:00;USR-1439;16;Standard;4;0;400;Card;Valorant;4.0;0
SESS-13350;2026-08-12 17:10:00;USR-1311;20;Standard;3;0;300;Card;Dota 2;5.0;0
SESS-16453;2026-08-06 18:49:00;USR-1659;30;Bootcamp;1;0;150;Card;Dota 2;4.5;0
SESS-14253;2026-08-17 08:02:00;USR-1175;25;Bootcamp;2;650;270;Cash;Dota 2;5.0;1
SESS-17232;2026-08-05 15:20:00;USR-1503;19;Bootcamp;2;0;270;Card;Minecraft;2.0;1
SESS-14362;2026-08-13 01:22:00;USR-1719;23;Standard;1;0;100;Card;Valorant;4.0;0
SESS-10517;2026-08-02 16:51:00;USR-1114;23;VIP;3;850;600;Card;Dota 2;3.0;0
SESS-16176;2026-08-18 23:15:00;USR-1115;32;Bootcamp;2;0;300;App;CS2;4.5;0
SESS-15492;2026-08-07 16:27:00;USR-1059;18;PS5;3;600;750;Card;Valorant;3.0;0
SESS-14977;2026-08-15 17:22:00;USR-1295;30;Bootcamp;2;0;300;Card;Cyberpunk 2077;4.5;0
SESS-15165;2026-08-18 16:53:00;USR-1142;16;Standard;2;0;180;App;CS2;4.0;1
SESS-10132;2026-08-09 00:16:00;USR-1784;14;Bootcamp;1;0;150;Card;Apex Legends;4.5;0
SESS-16383;2026-08-29 13:50:00;USR-1091;20;PS5;1;50;225;Card;CS2;5.0;1
SESS-11415;2026-08-11 14:57:00;USR-1659;30;Bootcamp;2;410;300;Card;Dota 2;3.0;0
SESS-10568;2026-08-02 22:36:00;USR-1072;15;Bootcamp;5;0;750;Card;PUBG;4.5;0
SESS-10360;2026-08-19 17:03:00;USR-1477;21;Standard;4;0;400;App;Dota 2;5.0;0
SESS-13592;2026-08-19 01:35:00;USR-1197;24;PS5;3;150;750;Cash;CS2;5.0;0
SESS-16502;2026-08-30 01:52:00;USR-1778;17;Bootcamp;1;0;150;App;PUBG;4.0;0
SESS-15448;2026-08-31 23:58:00;USR-1148;21;PS5;3;600;750;Cash;Minecraft;4.5;0
SESS-14273;2026-08-29 11:15:00;USR-1613;20;Bootcamp;5;0;750;Card;CS2;5.0;0
SESS-13100;2026-08-05 04:55:00;USR-1069;16;Standard;2;0;200;Card;Dota 2;4.0;0
SESS-13478;2026-08-04 10:47:00;USR-1713;25;Standard;1;0;90;Card;CS2;3.0;1
SESS-10759;2026-08-11 05:34:00;USR-1645;15;Bootcamp;5;0;750;Card;Dota 2;3.0;0
SESS-14119;2026-08-27 02:15:00;USR-1245;19;PS5;4;800;900;Card;Dota 2;3.0;1
SESS-17092;2026-08-29 20:37:00;USR-1446;24;VIP;3;250;600;Card;Cyberpunk 2077;5.0;0
SESS-16123;2026-08-24 17:35:00;USR-1263;22;VIP;3;0;600;App;CS2;4.0;0
SESS-14974;2026-08-27 20:32:00;USR-1070;22;VIP;2;0;400;Card;CS2;4.0;0
SESS-10214;2026-08-08 19:40:00;USR-1526;15;VIP;1;450;200;Card;Valorant;4.0;0
SESS-16554;2026-08-29 13:36:00;USR-1552;30;PS5;2;0;500;App;Dota 2;5.0;0
SESS-15464;2026-08-17 08:18:00;USR-1097;19;Standard;3;0;270;Card;Minecraft;4.5;1
SESS-16098;2026-08-17 20:30:00;USR-1039;20;VIP;3;0;600;Card;Dota 2;4.0;0
SESS-14570;2026-08-25 20:52:00;USR-1059;18;Standard;3;600;300;Cash;Dota 2;1.0;0
SESS-15543;2026-08-08 08:51:00;USR-1200;14;Standard;5;0;500;App;Valorant;4.0;0
SESS-13620;2026-08-30 18:50:00;USR-1344;3;VIP;999;1850;1440;Card;CS2;4.5;1
SESS-11473;2026-08-27 14:40:00;USR-1358;16;VIP;3;0;600;Cash;CS2;4.0;0
SESS-12244;2026-08-10 12:08:00;USR-1097;19;Bootcamp;8;0;1080;App;CS2;5.0;1
SESS-10725;2026-08-23 23:36:00;USR-1218;16;Bootcamp;2;0;270;Card;Valorant;4.0;1
SESS-15709;2026-08-21 03:01:00;USR-1072;15;Standard;12;2400;1200;Card;Dota 2;4.5;0
SESS-10049;2026-08-14 05:14:00;USR-1427;21;Standard;4;320;400;Card;CS2;4.0;0
SESS-17000;2026-08-13 09:26:00;USR-1214;25;Bootcamp;12;1690;1620;Card;Dota 2;4.0;1
SESS-15607;2026-08-28 20:57:00;USR-1497;14;VIP;12;0;2400;Card;CS2;4.0;0
SESS-13910;2026-08-16 10:01:00;USR-1313;23;Standard;1;0;100;Card;CS2;4.5;0
SESS-10887;03.08.2026;USR-1790;23;Standard;3;0;270;Card;CS2;5.0;1
SESS-16604;2026-08-15 18:52:00;USR-1648;15;PS5;8;0;1800;Card;CS2;5.0;1
SESS-14161;2026-08-11 04:25:00;USR-1558;14;Standard;4;320;400;App;GTA V;4.0;0
SESS-12893;2026-08-18 22:03:00;USR-1471;21;Standard;3;600;300;Card;Dota 2;4.0;0
SESS-15200;2026-08-28 19:15:00;USR-1007;17;PS5;4;200;1000;App;Dota 2;4.0;0
SESS-16816;2026-08-22 21:42:00;USR-1080;29;PS5;3;150;675;Card;Valorant;4.5;1
SESS-10516;2026-08-13 22:40:00;USR-1741;25;VIP;3;610;600;Card;Apex Legends;4.5;0
SESS-13168;2026-08-01 09:24:00;USR-1226;38;Bootcamp;1;0;150;Cash;CS2;4.5;0
SESS-12949;2026-08-09 20:18:00;USR-1679;15;VIP;2;410;400;Card;Minecraft;1.0;0
SESS-14264;2026-08-18 13:36:00;USR-1236;21;Standard;1;200;100;Card;Minecraft;3.0;0
SESS-10139;2026-08-17 06:11:00;USR-1577;23;Standard;1;200;100;Card;Valorant;4.5;0
SESS-16053;2026-08-05 08:13:00;USR-1222;17;VIP;1;0;200;Card;Valorant;5.0;0
SESS-16029;2026-08-30 14:09:00;USR-1406;23;Standard;8;1600;720;Card;Apex Legends;4.5;1
SESS-13197;2026-08-10 15:51:00;USR-1000;14;Standard;1;0;100;Card;Valorant;5.0;0
SESS-14055;2026-08-11 06:43:00;USR-1169;15;Bootcamp;1;330;150;Card;CS2;4.5;0
SESS-14032;2026-08-29 11:34:00;USR-1363;26;Bootcamp;3;700;405;App;CS2;5.0;1
SESS-13195;2026-08-10 16:48:00;USR-1291;23;Standard;4;0;360;Card;PUBG;4.5;1
SESS-10463;2026-08-19 14:16:00;USR-1392;15;PS5;3;240;675;Card;Minecraft;5.0;1
SESS-14645;2026-08-28 12:06:00;USR-1098;20;Bootcamp;1;0;150;Card;Valorant;3.0;0
SESS-11233;2026-08-12 06:21:00;USR-1038;26;Standard;8;0;720;Card;Dota 2;4.5;1
SESS-10594;2026-08-14 12:13:00;USR-1591;20;Bootcamp;2;260;270;Card;Dota 2;4.0;1
SESS-16634;2026-08-31 06:50:00;USR-1486;23;PS5;3 ч.;0;750;Card;CS2;2.0;0
SESS-10450;2026-08-30 18:04:00;USR-1114;23;Standard;2;240;200;App;CS2;3.0;0
SESS-14229;2026-08-08 09:43:00;USR-1497;14;Standard;3;600;300;App;Minecraft;5.0;0
SESS-13954;2026-08-23 20:29:00;USR-1576;36;Bootcamp;1;220;135;App;CS2;2.0;1
SESS-14074;2026-08-29 14:55:00;USR-1698;15;PS5;2;240;500;Card;CS2;4.5;0
SESS-10312;2026-08-05 16:14:00;USR-1143;21;Standard;1;50;100;Card;Dota 2;3.0;0
SESS-13544;2026-08-24 09:46:00;USR-1622;23;Standard;3;240;300;Card;CS2;4.0;0
SESS-15586;2026-08-29 20:24:00;USR-1230;17;Standard;2;0;200;Card;Dota 2;3.0;0
SESS-14761;2026-08-24 23:15:00;USR-1711;21;Standard;4;320;360;Card;CS2;5.0;1
SESS-16818;2026-08-31 16:11:00;USR-1250;20;Bootcamp;3;0;450;Card;Apex Legends;4.0;0
SESS-16862;2026-08-01 22:23:00;USR-1602;15;Standard;1;50;100;Card;CS2;4.0;0
SESS-10451;2026-08-30 04:44:00;USR-1180;17;Bootcamp;3;0;450;App;CS2;4.0;0
SESS-13166;2026-08-10 14:19:00;USR-1527;17;Bootcamp;4;450;540;Card;Deadlock;4.5;1
SESS-15743;2026-08-11 07:42:00;USR-1776;16;ps5;2;400;180;Card;Minecraft;5.0;1
SESS-16093;2026-08-09 02:44:00;USR-1302;16;Standard;3;0;270;App;CS2;4.0;1
SESS-10890;2026-08-15 06:51:00;USR-1612;31;Standard;1;0;100;Card;CS2;4.5;0
SESS-12763;2026-08-19 08:09:00;USR-1282;28;Standard;1;0;90;Cash;Minecraft;5.0;1
SESS-10658;2026-08-27 04:31:00;USR-1114;23;Standard;3;150;270;Card;CS2;4.0;1
SESS-11506;2026-08-18 05:25:00;USR-1720;27;Standard;4;0;360;Card;Valorant;4.0;1
SESS-13571;2026-08-23 07:01:00;USR-1221;22;Bootcamp;1;0;135;App;Valorant;4.5;1
SESS-17062;2026-08-10 13:21:00;USR-1264;20;Standard;3;0;300;Card;CS2;3.0;0
SESS-10999;2026-08-14 07:01:00;USR-1716;24;Standard;2;240;200;Card;Dota 2;3.0;0
;2026-08-22 06:27:00;USR-1666;16;VIP;5;700;900;Card;CS2;4.0;1
SESS-12330;2026-08-03 20:12:00;USR-1326;19;PS5;2;0;500;Card;PUBG;4.0;0
SESS-11476;2026-08-15 18:22:00;USR-1131;30;Standard;3;0;270;App;Valorant;1.0;1
SESS-12240;2026-08-12 22:56:00;USR-1150;27;Standard;4;0;400 руб.;Card;Dota 2;5.0;0
SESS-16783;2026-08-21 01:00:00;USR-1213;16;Standard;12;960;1200;Card;Valorant;4.5;0
SESS-16793;2026-08-27 00:00:00;USR-1307;14;PS5;2;100;500;Card;Valorant;5.0;0
SESS-17224;2026-08-29 23:33:00;USR-1658;20;Bootcamp;1;0;150;App;CS2;4.0;0
SESS-16111;2026-08-10 11:10:00;USR-1493;14;Bootcamp;1;180;135;Card;Dota 2;1.0;1
SESS-17286;08/29/26;USR-1627;22;VIP;3;850;600;Card;CS2;3.0;0
SESS-12972;2026-08-22 03:27:00;USR-1310;22;Standard;1;120;100;App;CS2;4.0;0
SESS-12775;2026-08-26 00:44:00;USR-1593;20;Standard;2;0;2ОО;App;CS2;4.5;0
SESS-11923;2026-08-15 15:30:00;USR-1554;20;PS5;1;0;250;Card;CS2;4.5;0
SESS-10758;2026-08-23 05:45:00;USR-1592;20;PS5;2;0;500;App;CS2;2.0;0
SESS-10700;2026-08-28 01:37:00;USR-1450;19;Standard;3;360;300;Cash;CS2;4.0;0
SESS-16606;2026-08-29 15:51:00;USR-1328;23;Standard;2;0;200;Card;Dota 2;4.5;0
SESS-11293;2026-08-25 09:46:00;USR-1136;29;Standard;8;400;800;Card;Valorant;4.0;0
SESS-17053;2026-08-28 02:25:00;USR-1194;14;Standard;3;0;300;Card;Dota 2;4.0;0
SESS-12873;2026-08-17 06:55:00;USR-1422;17;Bootcamp;2;490;300;App;Apex Legends;1.0;0
SESS-16312;2026-08-03 21:36:00;USR-1194;14;Standard;4;200;400;Cash;CS2;5.0;0
SESS-16854;2026-08-09 18:18:00;USR-1488;16;Standard;2;100;200;Card;CS2;3.0;0
SESS-11907;2026-08-26 04:22:00;USR-1694;18;PS5;2;0;500;Card;CS2;5.0;0
SESS-12284;2026-08-19 19:56:00;USR-1362;17;Standard;1;0;100;App;PUBG;3.0;0
SESS-15230;2026-08-01 17:21:00;USR-1796;26;Standard;3;150;270;App;CS2;5.0;1
SESS-10368;2026-08-28 05:30:00;USR-1585;22;Standard;2;400;200;Cash;Dota 2;4.5;0
SESS-11937;2026-08-10 22:05:00;USR-1035;17;Standard;2;0;200;Card;Deadlock;3.0;0
SESS-11151;2026-08-10 03:05:00;USR-1241;14;Standard;3;150;300;Card;Dota 2;4.0;0
SESS-17238;2026-08-15 18:54:00;USR-1734;29;VIP;1;0;200;Card;Valorant;3.0;0
SESS-14782;2026-08-18 02:20:00;USR-1200;14;PS5;3;360;675;Card;Valorant;4.5;1
SESS-13783;2026-08-15 19:03:00;USR-1331;15;Standard;3;0;300;App;Apex Legends;4.5;0
SESS-16896;2026-08-10 16:16:00;USR-1639;21;Standard;8;0;800;Cash;Valorant;4.0;0
SESS-13010;2026-08-10 11:17:00;USR-1078;20;Standard;5;1000;500;App;CS2;4.0;0
SESS-17125;2026-08-13 03:15:00;USR-1099;21;Standard;2;0;200;App;CS2;5.0;0
SESS-10191;2026-08-07 03:01:00;USR-1019;22;Standard;1;0;100;Card;Valorant;4.0;0
SESS-14897;2026-08-02 02:38:00;USR-1055;24;VIP;5;0;1000;App;Deadlock;4.0;0
SESS-16556;2026-08-24 03:04:00;USR-1091;20;PS5;1;50;250;App;CS2;4.0;0
SESS-10174;2026-08-10 22:34:00;USR-1106;15;PS5;3;600;750;Cash;Valorant;4.5;0
SESS-11903;2026-08-05 13:14:00;USR-1295;30;Standard;4;0;400;App;Valorant;5.0;0
SESS-11099;2026-08-13 19:04:00;USR-1592;20;VIP;5;0;1000;App;Minecraft;5.0;0
SESS-14995;2026-08-11 06:20:00;USR-1330;18;Standard;3;360;270;App;CS2;4.0;1
SESS-13362;2026-08-26 19:29:00;USR-1667;24;VIP;4;570;800;Card;Deadlock;2.0;0
SESS-12292;2026-08-02 11:27:00;USR-1121;21;VIP;1;330;180;App;CS2;4.5;1
SESS-16575;2026-08-28 02:34:00;USR-1183;22;VIP;4;1050;800;Card;Valorant;3.0;0
SESS-14772;2026-08-12 12:23:00;USR-1009;20;Bootcamp;1;0;150;Card;Dota 2;4.0;0
SESS-15003;2026-08-06 01:39:00;USR-1070;22;Standard;4;0;400;App;CS2;5.0;0
SESS-14602;2026-08-12 17:11:00;USR-1452;14;Bootcamp;4;570;540;Card;CS2;5.0;1
SESS-11164;2026-08-21 04:10:00;USR-1503;19;Bootcamp;3;0;450;App;Minecraft;3.0;0
SESS-14228;2026-08-04 10:14:00;USR-1568;21;VIP;8;0;1600;Cash;Deadlock;4.0;0
SESS-14371;2026-08-14 10:57:00;USR-1408;28;Standard;2;0;200;Cash;Minecraft;4.0;0
SESS-13375;2026-08-10 20:13:00;USR-1372;33;Standard;1;0;100;Card;Dota 2;4.5;0
SESS-16781;2026-08-21 07:26:00;USR-1751;14;Standard;2;0;200;Card;Dota 2;4.5;0
SESS-15332;2026-08-28 07:59:00;USR-1701;22;Standard;3;0;300;Card;Dota 2;4.5;0
SESS-11661;2026-08-21 03:01:00;USR-1370;14;Standard;4;200;400;Card;CS2;4.0;0
SESS-10508;2026-08-08 01:20:00;USR-1552;30;VIP;2;0;400;App;CS2;4.5;0
SESS-10166;2026-08-04 13:53:00;USR-1717;140;VIP;999;850;600;App;Apex Legends;3.0;0
SESS-16882;2026-08-07 06:51:00;USR-1262;27;Bootcamp;4;0;600;Card;CS2;4.0;0
;2026-08-26 14:52:00;;18;VIP;3;0;600;Card;Dota 2;2.0;0
SESS-14713;2026-08-31 11:26:00;USR-1789;20;Standard;1;50;100;Cash;Dota 2;5.0;0
SESS-15257;2026-08-22 11:00:00;USR-1480;16;Bootcamp;1;0;150;Cash;CS2;4.5;0
SESS-13269;2026-08-16 02:39:00;USR-1409;28;Standard;4;0;400;Card;CS2;3.0;0
SESS-15081;2026-08-07 00:23:00;USR-1749;14;VIP;2;0;400;Card;Valorant;3.0;0
SESS-13886;2026-08-01 15:59:00;USR-1064;19;Standard;3;0;300;Card;GTA V;5.0;0
SESS-10103;2026-08-14 19:38:00;USR-1208;14;VIP;4;0;800;Cash;CS2;5.0;0
SESS-13265;2026-08-18 10:38:00;USR-1414;17;VIP;8;0;1600;Cash;Valorant;4.5;0
SESS-13881;2026-08-14 05:03:00;USR-1013;22;VIP;3;460;600;Card;CS2;2.0;0
SESS-15377;2026-08-22 02:53:00;USR-1540;26;Standard;1;0;100;Card;Dota 2;3.0;0
SESS-14043;2026-08-30 09:31:00;USR-1763;33;PS5;2;0;500;App;Dota 2;4.0;0
SESS-11104;2026-08-23 20:48:00;USR-1376;16;Standard;2;0;200;Card;CS2;5.0;0
SESS-16570;2026-08-14 12:25:00;USR-1017;16;VIP;1;220;200;Card;Dota 2;4.0;0
SESS-11752;2026-08-07 01:38:00;USR-1201;15;Standard;2;100;200;Cash;Browser/Work;4.0;0
SESS-16738;2026-08-23 14:34:00;USR-1001;16;VIP;3;0;540;App;Valorant;4.5;1
SESS-14240;2026-08-31 18:51:00;USR-1272;14;Standard;12;0;1200;Card;Apex Legends;4.5;0
SESS-16703;2026-08-10 06:17:00;USR-1616;26;Standard;1;50;100;Card;Valorant;2.0;0
SESS-13625;2026-08-12 03:14:00;USR-1236;21;Standard;2;100;180;Card;CS2;3.0;1
SESS-12916;2026-08-24 02:41:00;USR-1679;15;Standard;1;200;100;App;CS2;3.0;0
SESS-14967;2026-08-09 05:09:00;USR-1620;16;Standard;3;240;300;Card;CS2;5.0;0
SESS-11658;2026-08-07 22:18:00;USR-1279;16;Standard;2;100;200;Card;Dota 2;;0
SESS-10152;2026-08-27 03:33:00;USR-1597;25;Bootcamp;2;0;270;Card;CS2;4.5;1
SESS-14139;2026-08-22 06:07:00;USR-1281;20;Standard;3;0;300;Card;Minecraft;5.0;0
SESS-12483;2026-08-31 21:04:00;USR-1184;23;Standard;8;1600;800;Card;CS2;4.0;0
SESS-11583;2026-08-16 22:59:00;USR-1534;20;Standard;3;600;300;Card;CS2;2.0;0
SESS-16347;2026-08-16 13:20:00;USR-1786;24;Bootcamp;1;0;150;Card;Dota 2;4.5;0
SESS-12552;2026-08-21 12:17:00;USR-1056;20;Bootcamp;2;0;270;Card;Minecraft;5.0;1
SESS-13937;2026-08-18 17:06:00;USR-1691;22;Standard;1;80;100;Card;Valorant;4.0;0
SESS-13491;2026-08-19 07:09:00;USR-1773;19;Standard;5;0;450;Card;Dota 2;4.0;1
SESS-14110;2026-08-11 17:27:00;USR-1088;22;Bootcamp;12;0;1620;Card;Dota 2;4.5;1
SESS-16935;2026-08-04 22:11:00;USR-1068;18;Standard;2;0;180;Cash;CS2;5.0;1
SESS-13377;2026-08-05 17:26:00;USR-1252;24;Standard;5;0;500;Card;Minecraft;2.0;0
SESS-16591;2026-08-02 16:55:00;USR-1582;19;Standard;2;160;200;App;Valorant;5.0;0
SESS-12209;2026-08-29 23:28:00;USR-1434;21;Bootcamp;2;0;300;Card;Dota 2;4.5;0
SESS-15946;2026-08-11 01:33:00;USR-1018;26;Standard;5;0;500;Card;GTA V;4.0;0
SESS-14545;2026-08-04 05:52:00;USR-1434;21;Standard;1;120;100;App;Dota 2;4.5;0
SESS-14201;2026-08-07 09:32:00;USR-1657;17;Standard;3;150;300;Cash;Apex Legends;4.5;0
SESS-12985;2026-08-10 09:24:00;USR-1252;24;VIP;1;300;200;Card;Valorant;4.0;0
SESS-11822;2026-08-08 02:49:00;USR-1584;14;Standard;4;200;400;Card;PUBG;4.0;0
SESS-15816;2026-08-25 15:46:00;USR-1294;14;PS5;1;0;250;Card;CS2;5.0;0
SESS-14317;2026-08-06 03:58:00;USR-1127;17;Standard;1;0;100;Card;CS2;4.0;0
SESS-14532;2026-08-11 23:36:00;USR-1322;36;Standard;3;0;270;Card;Valorant;4.0;1
SESS-14775;2026-08-21 01:36:00;USR-1417;19;VIP;1;300;200;Card;CS2;3.0;0
SESS-10309;2026-08-20 01:24:00;USR-1744;33;VIP;3;460;600;Card;Cyberpunk 2077;4.5;0
SESS-10212;2026-08-13 08:34:00;USR-1449;17;Standard;2;160;200;App;Cyberpunk 2077;2.0;0
SESS-13915;2026-08-03 12:24:00;USR-1007;17;VIP;3;460;600;App;Apex Legends;4.0;0
SESS-16114;2026-08-28 01:02:00;USR-1180;17;Bootcamp;2;350;300;Card;Dota 2;4.5;0
SESS-14125;2026-08-27 15:54:00;USR-1070;22;VIP;1;300;200;Card;CS2;4.5;0
SESS-17198;2026-08-10 10:02:00;USR-1279;16;Standard;1;50;100;App;Dota 2;4.0;0
SESS-10495;2026-08-03 03:08:00;USR-1264;20;Bootcamp;2 часа;500;270;Cash;Apex Legends;4.5;1
SESS-13256;2026-08-09 13:22:00;USR-1685;23;Standard;3;0;300;App;CS2;4.5;0
SESS-10205;2026-08-02 17:37:00;USR-1226;38;VIP;2;0;400;Card;GTA V;4.5;0
SESS-11434;2026-08-16 23:21:00;USR-1338;22;VIP;5;0;1000;App;CS2;5.0;0
SESS-11135;2026-08-29 01:08:00;USR-1735;140;VIP;-2;850;1000;Cash;CS2;4.5;0
SESS-12584;2026-08-07 01:43:00;USR-1658;20;Standard;3;600;300;Card;Minecraft;4.5;0
SESS-10868;2026-08-19 03:10:00;USR-1489;16;;PS5;2;240;App;Valorant;3.0;0
SESS-12749;2026-08-14 08:58:00;USR-1371;16;Bootcamp;4;0;600;Card;Valorant;4.0;0
SESS-10305;2026-08-22 10:08:00;USR-1372;33;PS5;1;0;250;Cash;CS2;5.0;0
SESS-11849;2026-08-10 04:56:00;USR-1792;36;Standard;1;200;100;App;Dota 2;3.0;0
SESS-13590;2026-08-24 05:22:00;USR-1390;18;PS5;12;0;3000;App;Deadlock;5.0;0
SESS-11988;2026-08-06 00:36:00;USR-1054;21;Standard;2;160;180;;CS2;4.5;1
SESS-13240;2026-08-27 04:42:00;USR-1174;22;Bootcamp;5;650;750;Card;Dota 2;4.5;0
SESS-12798;2026-08-16 08:14:00;USR-1452;14;Standard;2;0;200;Card;Dota 2;4.5;0
SESS-14271;2026-08-05 23:47:00;USR-1556;18;VIP;8;1700;1600;Cash;Dota 2;5.0;0
SESS-11534;2026-08-18 01:44:00;USR-1675;22;Standard;2;100;200 руб.;Card;Dota 2;4.0;0
SESS-13109;2026-08-31 12:10:00;USR-1732;23;Standard;2;0;200;App;Minecraft;4.0;0
SESS-10843;2026-08-17 06:14:00;USR-1088;22;Bootcamp;3;700;450;App;Dota 2;5.0;0
SESS-11987;2026-08-03 19:06:00;USR-1771;21;Standard;2;0;180;Card;CS2;4.0;1
SESS-15180;2026-08-31 22:10:00;USR-1366;24;Standard;3;0;300;App;Cyberpunk 2077;4.0;0
SESS-16696;2026-08-30 19:16:00;USR-1016;14;Standard;2;100;200;Card;Minecraft;4.0;0
SESS-11714;2026-08-12 02:18:00;USR-1276;36;Standard;2;0;180;App;CS2;4.5;1
SESS-10383;2026-08-16 13:47:00;USR-1520;26;PS5;4;800;1000;Card;Minecraft;2.0;0
SESS-11538;2026-08-19 17:53:00;USR-1747;25;;Standard;2;0;Card;CS2;5.0;0
;2026-08-14 08:55:00;;20;Standard;2;0;180;Card;CS2;4.5;1
SESS-16056;2026-08-06 10:25:00;USR-1742;22;Bootcamp;4;900;600;Cash;Deadlock;4.0;0
SESS-11957;2026-08-19 18:03:00;USR-1074;17;Standard;1;80;100;Card;Cyberpunk 2077;4.5;0
SESS-15357;2026-08-12 09:23:00;USR-1644;22;VIP;12;2500;2160;Card;Dota 2;4.0;1
SESS-12438;2026-08-29 19:28:00;USR-1309;23;Standard;2;0;200;Card;CS2;4.0;0
SESS-12727;2026-08-03 06:49:00;USR-1393;35;PS5;1;50;250;Card;Valorant;2.0;0
SESS-16962;2026-08-05 11:57:00;USR-1622;23;Standard;1;0;100;App;PUBG;4.0;0
SESS-11498;2026-08-22 04:02:00;USR-1235;25;VIP;2;490;400;Card;Dota 2;4.0;0
SESS-11349;2026-08-06 08:14:00;USR-1686;23;Standard;5;0;500;App;Valorant;5.0;0
SESS-17082;2026-08-16 02:29:00;USR-1498;24;VIP;5;500;900;Card;Dota 2;3.0;1
SESS-13475;2026-08-27 10:58:00;USR-1272;14;Standard;2;0;200;Card;Minecraft;3.0;0
SESS-15769;2026-08-17 20:18:00;USR-1331;15;Standard;12;0;1200;Cash;Valorant;2.0;0
SESS-10680;2026-08-25 14:55:00;USR-1166;26;VIP;2;0;400;Card;Valorant;4.0;0
SESS-10180;2026-08-23 06:55:00;USR-1619;17;PS5;2;0;500;Card;CS2;4.0;0
SESS-17182;08/20/26;USR-1331;15;Bootcamp;3;400;450;Card;CS2;5.0;0
SESS-13715;2026-08-18 10:48:00;USR-1784;14;VIP;2;0;400;Card;CS2;4.5;0
SESS-16972;2026-08-12 09:00:00;USR-1553;17;Bootcamp;2;0;300;Card;PUBG;5.0;0
SESS-14513;2026-08-24 00:02:00;USR-1127;17;Standard;3;150;300;App;CS2;4.0;0
SESS-10278;2026-08-20 03:08:00;USR-1675;22;Bootcamp;3;490;450;Card;Minecraft;4.5;0
SESS-14756;08/04/26;USR-1269;22;Bootcamp;2;500;300;App;PUBG;4.5;0
SESS-13319;2026-08-09 16:21:00;USR-1472;17;;Standard;1;0;Card;CS2;4.5;0
SESS-13252;2026-08-16 21:44:00;USR-1493;14;VIP;4;730;800;Card;Deadlock;3.0;0
SESS-13666;2026-08-26 13:50:00;USR-1773;19;Standard;2;240;200;Card;PUBG;4.0;0
SESS-12480;2026-08-23 19:15:00;USR-1210;21;Standard;2;0;180;App;Dota 2;5.0;1
SESS-10289;2026-08-15 15:05:00;USR-1370;14;Standard;3;600;300;Card;Browser/Work;4.0;0
SESS-13075;2026-08-13 14:49:00;USR-1127;17;Standard;3;360;300;Card;Dota 2;5.0;0
SESS-14687;2026-08-06 16:06:00;USR-1383;18;Standard;2;100;200;Card;CS2;4.5;0
SESS-15664;2026-08-28 06:38:00;USR-1431;26;VIP;8;0;1440;Card;Cyberpunk 2077;5.0;1
SESS-10993;2026-08-27 19:17:00;USR-1009;20;Standard;3;0;300;Cash;Apex Legends;4.5;0
SESS-13235;2026-08-19 14:38:00;USR-1575;16;Standard;2;100;200;Card;Dota 2;5.0;0
SESS-12236;2026-08-24 06:17:00;USR-1433;22;PS5;2;100;500;Card;Dota 2;5.0;0
SESS-17042;2026-08-20 22:47:00;USR-1790;23;Standard;3;0;300;Card;Dota 2;5.0;0
SESS-10039;2026-08-06 12:57:00;USR-1143;21;VIP;5;0;1000 руб.;Card;Dota 2;3.0;0
SESS-17135;2026-08-18 14:11:00;USR-1098;20;Standard;4;0;360;Card;CS2;5.0;1
SESS-15093;2026-08-10 20:41:00;USR-1018;26;PS5;2;240;500;Card;Valorant;3.0;0
SESS-16677;2026-08-15 12:57:00;USR-1150;27;Standard;8;400;800;Card;CS2;4.5;0
SESS-12754;2026-08-05 11:00:00;USR-1391;20;Bootcamp;4;0;600;Card;PUBG;4.0;0
SESS-16047;2026-08-18 19:22:00;USR-1733;22;Bootcamp;3;610;450;Card;Deadlock;5.0;0
SESS-15548;2026-08-04 15:44:00;USR-1397;24;Standard;1;0;90;App;CS2;5.0;1
SESS-10270;2026-08-31 15:33:00;USR-1398;16;Bootcamp;1;220;150;Card;CS2;2.0;0
SESS-13975;2026-08-11 01:29:00;USR-1281;20;Standard;8;0;800;Card;CS2;5.0;0
SESS-12883;2026-08-07 14:15:00;USR-1049;29;VIP;3;0;540;App;PUBG;4.5;1
SESS-15482;2026-08-28 14:12:00;USR-1225;26;VIP;3;0;600;Card;CS2;5.0;0
SESS-15419;2026-08-19 19:10:00;USR-1544;19;Standard;5;0;500;Card;Apex Legends;4.5;0
SESS-17168;2026-08-21 10:53:00;USR-1779;30;Bootcamp;3;0;450;Card;Dota 2;4.0;0
SESS-15859;2026-08-24 14:00:00;USR-1234;21;Standard;1;80;90;Card;Dota 2;4.0;1
SESS-10111;2026-08-19 09:37:00;USR-1643;16;Standard;2;0;200;App;Valorant;4.0;0
SESS-13218;2026-08-31 22:30:00;USR-1170;14;VIP;8;650;1600;App;Valorant;4.5;0
SESS-11391;2026-08-19 06:39:00;USR-1532;27;VIP;5;850;900;Card;CS2;5.0;1
SESS-12600;2026-08-05 18:21:00;USR-1285;14;Bootcamp;1;0;135;Card;Dota 2;5.0;1
SESS-10220;2026-08-27 22:27:00;USR-1286;15;Standard;2;240;180;Card;Valorant;1.0;1
SESS-14151;2026-08-07 13:46:00;USR-1481;32;VIP;3;0;600;App;CS2;4.5;0
SESS-14539;2026-08-08 03:45:00;USR-1781;27;VIP;3;700;600;Card;Deadlock;4.0;0
SESS-13518;2026-08-29 22:53:00;USR-1726;29;Standard;3;240;300;App;Apex Legends;4.5;0
SESS-14593;2026-08-13 06:21:00;USR-1470;22;Standard;2;0;200;App;Dota 2;4.0;0
SESS-10083;2026-08-28 19:41:00;USR-1718;29;Standard;2;160;180;App;Minecraft;4.5;1
SESS-10873;2026-08-09 06:37:00;USR-1255;18;Standard;3;0;270;App;Dota 2;3.0;1
SESS-16992;2026-08-19 18:57:00;USR-1702;15;PS5;4;0;1000;Card;Dota 2;5.0;0
SESS-14710;2026-08-16 19:05:00;USR-1210;21;Bootcamp;2;500;270;Card;PUBG;3.0;1
SESS-10461;2026-08-28 23:21:00;USR-1637;27;Bootcamp;1;0;150;Card;CS2;4.0;0
SESS-16636;2026-08-16 17:32:00;USR-1299;21;Standard;2;0;200;Card;CS2;4.5;0
SESS-10551;2026-08-25 06:58:00;USR-1411;16;VIP;8;500;1600;Card;CS2;4.0;0
SESS-13548;2026-08-22 00:35:00;USR-1079;21;VIP;1;330;180;Card;Valorant;4.0;1
SESS-12374;2026-08-15 12:10:00;USR-1442;22;Standard;12;0;1200;Cash;Dota 2;4.5;0
SESS-16342;2026-08-31 03:06:00;USR-1438;41;VIP;2;650;400;App;GTA V;3.0;0
SESS-14163;2026-08-11 15:42:00;USR-1688;16;Standard;2;0;200;Card;PUBG;4.5;0
SESS-12246;08/04/26;USR-1571;19;VIP;2;0;400;Card;Valorant;4.0;0
SESS-17103;2026-08-18 18:16:00;USR-1049;29;VIP;1;0;200;App;CS2;5.0;0
SESS-14287;26.08.2026;USR-1256;21;Bootcamp;3;0;450;App;Deadlock;5.0;0
SESS-12450;2026-08-07 00:20:00;USR-1077;18;Standard;12;0;1200;Card;CS2;4.0;0
SESS-12329;2026-08-08 02:16:00;USR-1349;20;Standard;1;0;1ОО;Card;Valorant;4.0;0
SESS-16329;2026-08-28 00:59:00;USR-1267;16;VIP;8;0;1600;Card;CS2;4.0;0
SESS-12146;2026-08-16 18:53:00;USR-1362;17;Standard;3;0;300;Card;CS2;4.5;0
SESS-16601;2026-08-25 15:50:00;USR-1751;14;PS5;4;320;1000;Cash;CS2;3.0;0
SESS-14166;2026-08-22 17:45:00;USR-1159;24;Bootcamp;3;0;405;App;Dota 2;5.0;1
SESS-16660;2026-08-01 03:19:00;USR-1755;28;PS5;1;80;250;Card;CS2;4.5;0
SESS-10650;2026-08-25 17:28:00;USR-1377;24;Standard;2;0;200;Card;CS2;5.0;0
SESS-17094;2026-08-21 03:22:00;USR-1746;17;VIP;2;0;360;Card;CS2;3.0;1
SESS-10708;2026-08-01 11:46:00;USR-1048;20;Standard;5;0;500;Card;Dota 2;4.5;0
SESS-16451;2026-08-15 11:27:00;USR-1580;23;Standard;8;0;800;Card;Apex Legends;4.5;0
SESS-15313;2026-08-21 18:19:00;USR-1068;18;Bootcamp;1 часа;0;135;App;Apex Legends;5.0;1
SESS-13950;2026-08-13 20:20:00;USR-1445;15;Bootcamp;2;0;300;Cash;PUBG;4.0;0
SESS-13779;2026-08-25 08:47:00;USR-1771;21;Bootcamp;5;700;750;Card;CS2;4.5;0
SESS-13063;2026-08-04 01:27:00;USR-1282;28;Standard;4;200;360;App;Dota 2;4.5;1
SESS-15057;2026-08-02 10:44:00;USR-1008;16;Bootcamp;2;0;270;Card;Valorant;4.5;1
SESS-13349;2026-08-06 19:18:00;USR-1049;29;Bootcamp;1;0;150;Card;Cyberpunk 2077;4.0;0
SESS-11424;2026-08-09 14:54:00;USR-1727;25;Standard;4;0;360;Card;GTA V;5.0;1
SESS-11216;2026-08-28 04:43:00;USR-1006;35;Standard;3;0;300;Card;Valorant;5.0;0
SESS-15756;2026-08-01 23:59:00;USR-1036;18;Bootcamp;2;0;300;Card;CS2;4.5;0
SESS-11924;2026-08-17 13:12:00;USR-1387;25;Standard;1;120;100;App;Dota 2;4.0;0
SESS-10104;2026-08-14 01:41:00;USR-1378;21;Bootcamp;4;0;600;App;CS2;4.5;0
SESS-11064;2026-08-08 13:21:00;USR-1013;22;Bootcamp;1 часа;370;150;Card;Dota 2;4.0;0
SESS-10314;2026-08-15 18:17:00;USR-1668;22;PS5;1 часа;0;250;Card;Valorant;4.0;0
SESS-11289;2026-08-15 12:46:00;USR-1068;18;VIP;3;0;600;App;Dota 2;4.5;0
SESS-11427;2026-08-21 14:07:00;USR-1540;26;Standard;4;320;400;Card;Minecraft;5.0;0
SESS-16763;2026-08-30 14:44:00;USR-1365;24;VIP;1;0;200;Card;CS2;5.0;0
SESS-15937;2026-08-14 03:56:00;USR-1477;21;;VIP;1;0;Card;Apex Legends;5.0;0
SESS-13129;2026-08-12 08:28:00;USR-1109;22;Bootcamp;3;0;450;Card;CS2;3.0;0
SESS-14328;2026-08-26 08:30:00;USR-1799;20;VIP;3;340;600;Card;CS2;5.0;0
SESS-16103;2026-08-09 00:46:00;USR-1762;22;Standard;1;0;100;Card;CS2;3.0;0
SESS-13008;2026-08-07 22:24:00;USR-1645;15;Standard;2;100;200;Card;CS2;5.0;0
SESS-16243;2026-08-29 06:57:00;USR-1224;42;Standard;2;0;200;Card;Dota 2;4.5;0
SESS-11105;2026-08-16 10:44:00;USR-1173;15;VIP;3;460;600;Card;Minecraft;4.5;0
SESS-14122;2026-08-13 22:32:00;USR-1245;19;Bootcamp;4;0;600;Card;Dota 2;3.0;0
SESS-15548;2026-08-04 15:44:00;USR-1397;24;Standard;1;0;90;App;CS2;5.0;1
SESS-14633;2026-08-11 23:37:00;USR-1225;26;Standard;2;100;200;Card;CS2;4.0;0
SESS-16246;2026-08-14 01:29:00;USR-1765;37;Standard;2;0;200;Card;Valorant;4.0;0
SESS-14081;2026-08-21 08:58:00;USR-1104;26;Standard;1;50;100;Card;Valorant;4.0;0
SESS-10684;2026-08-14 05:53:00;USR-1309;23;VIP;1;450;200;App;Dota 2;5.0;0
SESS-15523;2026-08-19 20:50:00;USR-1689;27;VIP;3;0;600;Card;Dota 2;5.0;0
SESS-14848;2026-08-17 02:37:00;USR-1564;32;Standard;3;0;300;App;GTA V;5.0;0
SESS-12765;2026-08-14 11:21:00;USR-1159;24;Standard;1;0;100;Card;CS2;1.0;0
SESS-15809;2026-08-09 14:00:00;USR-1224;42;PS5;1;80;225;Card;Dota 2;4.0;1
SESS-13524;2026-08-13 11:04:00;USR-1306;17;Bootcamp;2;350;300;Card;PUBG;2.0;0
SESS-15874;2026-08-11 06:31:00;USR-1798;16;Standard;3;360;300;Card;CS2;3.0;0
SESS-12451;2026-08-06 06:46:00;USR-1515;3;Bootcamp;999;340;270;Card;CS2;5.0;1
SESS-17314;2026-08-01 17:11:00;USR-1208;14;VIP;3;610;600;Cash;Minecraft;;0
SESS-10326;2026-08-04 19:41:00;USR-1077;18;Standard;2;0;200;Card;CS2;4.0;0
SESS-12652;2026-08-21 21:46:00;USR-1044;17;Bootcamp;1;370;150;App;Valorant;5.0;0
SESS-16309;2026-08-29 01:48:00;USR-1022;20;Bootcamp;3;0;450;Card;Valorant;4.5;0
SESS-12176;2026-08-17 05:43:00;USR-1101;18;PS5;3;0;750;Card;Valorant;3.0;0
SESS-16501;2026-08-18 09:42:00;USR-1033;20;Standard;3;600;300;Card;CS2;3.0;0
SESS-15653;2026-08-26 03:18:00;USR-1174;22;VIP;2;0;400;Card;Valorant;3.0;0
SESS-16531;2026-08-31 01:54:00;USR-1551;15;PS5;2;400;500;Card;Valorant;5.0;0
SESS-13318;2026-08-03 19:59:00;USR-1445;15;Standard;1;0;90;Card;Valorant;4.5;1
SESS-13764;2026-08-02 13:34:00;USR-1339;18;Standard;3;240;300;Cash;CS2;4.5;0
SESS-14004;2026-08-29 22:56:00;USR-1043;22;Standard;1;0;90;Card;Dota 2;4.0;1
SESS-12787;2026-08-23 13:15:00;USR-1309;23;Standard;3;0;300;App;Valorant;4.5;0
SESS-15912;2026-08-01 04:09:00;USR-1419;20;Standard;3;240;300;Card;CS2;4.0;0
SESS-13780;2026-08-31 17:10:00;USR-1669;22;VIP;4;300;800;App;Apex Legends;2.0;0
SESS-11676;2026-08-19 13:40:00;USR-1040;140;Standard;999;50;100;Card;Valorant;5.0;0
SESS-10348;2026-08-26 21:19:00;USR-1721;20;VIP;4;0;720;Card;Dota 2;4.0;1
SESS-15503;09.08.2026;USR-1775;32;Standard;3;0;300;Card;CS2;4.0;0
SESS-13226;2026-08-12 21:55:00;USR-1091;20;Standard;12;0;1200;Card;CS2;3.0;0
SESS-14127;2026-08-02 08:53:00;USR-1333;35;Standard;2;160;200;App;CS2;5.0;0
SESS-14791;2026-08-26 03:32:00;USR-1649;16;VIP;3;0;600;App;CS2;4.0;0
SESS-11626;2026-08-02 10:40:00;USR-1023;22;VIP;1;330;200;Card;Minecraft;3.0;0
SESS-16732;2026-08-18 09:28:00;USR-1223;24;Bootcamp;3;250;405;App;Deadlock;4.0;1
SESS-15168;2026-08-08 12:31:00;USR-1542;23;VIP;2;0;400;Cash;Dota 2;4.5;0
SESS-13971;08.08.2026;USR-1477;21;Bootcamp;1;450;150;Card;Valorant;4.5;0
SESS-10871;2026-08-17 23:43:00;USR-1527;17;PS5;1;0;250;Card;CS2;4.0;0
SESS-14421;2026-08-09 03:23:00;USR-1443;14;Bootcamp;8;890;1080;Cash;PUBG;5.0;1
SESS-12217;2026-08-16 12:02:00;USR-1044;17;VIP;1;150;180;Card;GTA V;4.5;1
SESS-17171;2026-08-17 19:02:00;USR-1395;36;Standard;1;120;100;Card;CS2;4.5;0
SESS-12218;2026-08-11 17:24:00;USR-1212;20;Standard;1;80;100;App;CS2;5.0;0
SESS-13326;2026-08-09 19:08:00;USR-1438;41;Standard;2;0;180;Cash;Valorant;4.0;1
SESS-13870;2026-08-10 17:26:00;USR-1506;140;Standard;-2;240;180;Cash;CS2;5.0;1
SESS-15916;2026-08-12 10:40:00;USR-1400;15;VIP;2;490;400;Card;Valorant;2.0;0
SESS-12121;2026-08-30 10:05:00;USR-1180;17;VIP;3;0;600;Card;Valorant;5.0;0
SESS-15039;2026-08-04 12:28:00;USR-1659;30;Standard;3;0;300;Card;Valorant;4.5;0
SESS-15457;2026-08-22 21:49:00;USR-1445;15;PS5;1;0;250;Card;CS2;4.5;0
SESS-15206;2026-08-26 22:06:00;USR-1242;15;VIP;2;0;400;Card;Dota 2;5.0;0
SESS-10085;2026-08-13 06:48:00;USR-1590;21;Standard;2;100;200;Card;Apex Legends;4.0;0
SESS-14319;2026-08-18 18:05:00;USR-1174;22;Standard;3;0;300;Card;CS2;4.5;0
SESS-11877;2026-08-29 13:11:00;USR-1017;16;Standard;2;100;180;Card;Dota 2;2.0;1
SESS-12801;2026-08-28 20:04:00;USR-1560;14;VIP;3;0;600;Card;Dota 2;5.0;0
SESS-15953;2026-08-25 07:43:00;USR-1770;21;Standard;1;50;100;App;CS2;5.0;0
SESS-12640;2026-08-17 17:57:00;USR-1426;14;VIP;1;450;200;Card;CS2;3.0;0
SESS-16462;2026-08-21 16:32:00;USR-1041;26;Bootcamp;8;1700;1200;Card;CS2;;0
SESS-16908;2026-08-18 20:58:00;USR-1504;23;Standard;3;0;300;App;CS2;4.0;0
SESS-12880;2026-08-19 13:34:00;USR-1572;15;Standard;4;800;400;App;Valorant;4.0;0
SESS-13824;2026-08-01 15:13:00;USR-1622;23;ps5;5;0;500;Cash;Minecraft;4.0;0
SESS-10494;2026-08-06 09:10:00;USR-1667;24;Standard;2;160;200;Card;CS2;4.5;0
SESS-12019;2026-08-27 05:48:00;USR-1389;15;Bootcamp;3;340;450;Card;Minecraft;5.0;0
SESS-14832;2026-08-26 00:18:00;USR-1795;20;Standard;4;0;400;App;Dota 2;5.0;0
SESS-12525;2026-08-27 08:09:00;USR-1298;18;Standard;3;600;300;Card;Valorant;4.0;0
SESS-14522;2026-08-16 02:25:00;USR-1727;25; standard ;3;150;300;Card;Dota 2;1.0;0
SESS-13686;2026-08-08 14:35:00;USR-1132;17;Bootcamp;2;0;3ОО;Card;Dota 2;5.0;0
SESS-15829;2026-08-10 15:40:00;USR-1638;22;Bootcamp;3;490;450;Card;Cyberpunk 2077;4.5;0
SESS-16385;2026-08-26 13:26:00;USR-1695;37;ps5;3;0;450;App;Valorant;4.5;0
SESS-11270;2026-08-10 07:43:00;USR-1094;16;Standard;4;0;400;App;CS2;5.0;0
SESS-14192;2026-08-18 08:20:00;USR-1787;17;Standard;4;0;400;Card;PUBG;4.0;0
SESS-14258;2026-08-23 00:19:00;USR-1079;21;PS5;4;0;1000;App;CS2;4.5;0
SESS-12895;2026-08-13 16:20:00;USR-1004;31;VIP;3;0;600;Cash;CS2;4.0;0
SESS-15819;2026-08-13 13:26:00;USR-1780;22;Standard;2;400;200;Cash;Valorant;4.5;0
SESS-11330;2026-08-24 15:41:00;USR-1306;17;Standard;4;0;360;Card;GTA V;4.0;1
SESS-10618;2026-08-16 14:34:00;USR-1086;24;Bootcamp;2;0;300;App;Valorant;5.0;0
SESS-16460;08/20/26;USR-1118;14;Standard;1;200;100;Cash;CS2;4.5;0
SESS-13425;2026-08-22 10:59:00;USR-1717;17;Standard;2;400;200;Cash;Dota 2;5.0;0
SESS-14172;2026-08-09 04:25:00;USR-1078;20;Standard;3;0;300;App;Minecraft;4.5;0
SESS-15525;2026-08-15 01:38:00;USR-1670;22;PS5;3;150;675;App;CS2;5.0;1
SESS-16232;2026-08-08 20:39:00;USR-1581;18;Bootcamp;1;300;150;Card;CS2;4.5;0
SESS-16559;2026-08-17 02:04:00;USR-1249;16;Standard;3;0;300;Card;CS2;4.0;0
SESS-14490;2026-08-25 23:10:00;USR-1654;25;VIP;8;0;1600;App;Valorant;2.0;0
SESS-11413;2026-08-07 01:23:00;USR-1553;17;Standard;5;250;450;Card;Dota 2;5.0;1
SESS-12201;2026-08-12 17:07:00;USR-1135;36;Standard;1;0;100;Card;CS2;4.5;0
SESS-12001;2026-08-03 23:49:00;USR-1429;34;Standard;2;0;200;Card;Dota 2;4.5;0
SESS-15626;2026-08-11 01:22:00;USR-1231;27;Standard;1;0;100;Card;Browser/Work;3.0;0
SESS-10869;2026-08-15 16:37:00;USR-1265;14;Standard;2;0;200;Card;CS2;4.0;0
SESS-12358;2026-08-28 02:48:00;USR-1060;18;PS5;3;600;750;Card;CS2;4.0;0
SESS-12006;2026-08-26 00:09:00;USR-1366;24;Bootcamp;2;0;270;Card;CS2;5.0;1
SESS-13090;2026-08-27 05:24:00;USR-1123;14;Standard;2;100;180;App;Valorant;5.0;1
SESS-13773;2026-08-08 15:44:00;USR-1381;22;VIP;1;0;200;Card;Minecraft;4.5;0
SESS-15224;2026-08-10 04:08:00;USR-1674;23;Standard;2;100;200;Card;Valorant;3.0;0
SESS-10356;2026-08-19 17:03:00;USR-1583;21;Bootcamp;2;0;300;Card;GTA V;5.0;0
SESS-11162;2026-08-10 16:53:00;USR-1557;18;Standard;2;0;180;Card;CS2;5.0;1
SESS-17220;2026-08-16 08:44:00;USR-1034;16;Standard;4;0;400;Card;Dota 2;4.0;0
SESS-13064;2026-08-07 09:13:00;USR-1091;20;Bootcamp;2;0;3ОО;Card;Valorant;4.0;0
SESS-16045;2026-08-25 08:31:00;USR-1503;19;Bootcamp;2;0;270;Card;Valorant;5.0;1
SESS-13161;2026-08-20 19:11:00;USR-1431;26;Standard;2;240;200;App;Valorant;4.0;0
SESS-15270;2026-08-24 00:01:00;USR-1184;23;Standard;1;0;100;Card;Dota 2;4.5;0
SESS-16445;2026-08-06 11:44:00;USR-1062;22;Bootcamp;2;0;300;Card;Dota 2;4.5;0
SESS-12607;2026-08-23 02:14:00;USR-1039;20;Standard;3;0;270;Card;Dota 2;3.0;1
SESS-11618;2026-08-17 18:03:00;USR-1404;15;Standard;1;200;90;Cash;Minecraft;5.0;1
SESS-11890;2026-08-09 21:25:00;USR-1111;35;Standard;1;0;90;Cash;Dota 2;5.0;1
SESS-10579;2026-08-01 02:14:00;USR-1174;22;VIP;2;350;400;Card;Dota 2;4.5;0
SESS-12319;2026-08-23 12:47:00;USR-1226;38;Standard;2;240;180;App;Dota 2;1.0;1
SESS-16421;2026-08-03 01:08:00;USR-1766;33;Standard;2;0;180;Card;Dota 2;5.0;1
SESS-13647;2026-08-17 01:58:00;USR-1605;22;Standard;4;200;400;Card;PUBG;3.0;0
SESS-11691;2026-08-03 02:37:00;USR-1773;19;Standard;1;0;100;Card;Dota 2;4.0;0
SESS-10862;2026-08-16 15:23:00;USR-1389;15;VIP ;2;0;270;App;CS2;4.0;1
SESS-15107;2026-08-28 12:25:00;USR-1285;14;VIP;2;500;400;Card;Valorant;5.0;0
SESS-14643;2026-08-13 20:07:00;USR-1270;24;Standard;4;320;400;Card;Cyberpunk 2077;5.0;0
SESS-12380;2026-08-25 12:14:00;USR-1700;17;Standard;8;0;800;Card;Apex Legends;5.0;0
SESS-12378;2026-08-21 01:39:00;USR-1667;24;Bootcamp;3;0;450;App;Valorant;5.0;0
SESS-15246;2026-08-04 17:37:00;USR-1600;20;Bootcamp;4;580;600;Card;CS2;5.0;0
SESS-15317;2026-08-18 03:17:00;USR-1270;24;VIP;1;0;200;Card;Dota 2;4.5;0
SESS-13306;2026-08-19 00:42:00;USR-1293;27;Standard;2;0;200;Card;CS2;4.0;0
SESS-15841;2026-08-13 05:18:00;USR-1632;14;PS5;5 часа;250;1250;Card;Dota 2;4.0;0
SESS-13499;08/25/26;USR-1459;26;Standard;3;0;300;Card;GTA V;5.0;0
SESS-15417;2026-08-29 10:02:00;USR-1632;14;Standard;5;0;500;Card;CS2;4.0;0
SESS-11116;2026-08-26 20:02:00;USR-1663;140;Bootcamp;999;700;450;Card;Dota 2;4.0;0
SESS-11541;2026-08-19 15:03:00;USR-1694;18;Standard;1;120;100;Card;Minecraft;4.5;0
SESS-17071;2026-08-05 19:41:00;USR-1691;22;Bootcamp;3;0;450;App;Valorant;4.0;0
SESS-15804;2026-08-23 04:21:00;USR-1564;32;Standard;5;0;500;Card;CS2;4.0;0
SESS-16943;2026-08-28 03:29:00;USR-1781;27;VIP;3;490;600;Card;Dota 2;4.5;0
SESS-15867;2026-08-31 16:42:00;USR-1537;16;;Standard;12;1440;App;Deadlock;3.0;0
SESS-16146;2026-08-07 07:47:00;USR-1218;16;Standard;2;0;200;Card;Dota 2;4.0;0
SESS-15091;2026-08-29 20:49:00;USR-1479;18;Standard;2;400;200;Card;Dota 2;4.0;0
SESS-16200;2026-08-28 01:13:00;USR-1676;14;Standard;1;50;100;Card;CS2;5.0;0
SESS-13885;2026-08-22 04:52:00;USR-1177;22;Standard;8;400;800;Card;Dota 2;3.0;0
SESS-15044;2026-08-29 14:30:00;USR-1691;22;PS5;8;0;1800;Card;CS2;5.0;1
SESS-14915;2026-08-06 02:13:00;USR-1439;16;PS5;1;0;250;App;Valorant;5.0;0
SESS-13365;2026-08-09 07:00:00;USR-1435;18;Standard;3;0;270;Card;CS2;4.5;1
SESS-15454;2026-08-18 06:06:00;USR-1015;23;VIP;2;0;400;Card;Cyberpunk 2077;4.0;0
SESS-12500;2026-08-03 15:12:00;USR-1365;24;PS5;2;400;500;Card;Dota 2;5.0;0
SESS-16670;2026-08-04 08:16:00;USR-1723;18;VIP;8;0;1440;Card;Valorant;4.0;1
SESS-14233;2026-08-24 02:28:00;USR-1154;22;Standard;2;100;200;App;CS2;4.0;0
SESS-16690;2026-08-07 06:41:00;USR-1362;17; standard ;1;0;100;App;CS2;4.5;0
SESS-16698;2026-08-21 17:44:00;USR-1410;25;Standard;3;0;300;App;Dota 2;4.5;0
SESS-10101;2026-08-16 13:53:00;USR-1291;23;PS5;2;0;500;App;CS2;3.0;0
SESS-14480;2026-08-31 04:59:00;USR-1511;22;Standard;3;240;300;Card;Dota 2;4.5;0
SESS-15680;2026-08-15 00:03:00;USR-1188;26;Standard;1;0;100;Cash;Dota 2;4.0;0
SESS-16487;2026-08-10 19:28:00;USR-1493;14;Standard;2;0;2ОО;App;Dota 2;4.5;0
SESS-17191;2026-08-12 18:27:00;USR-1407;19;Bootcamp;1;0;150;App;Dota 2;4.5;0
SESS-16582;2026-08-17 09:47:00;USR-1220;22;Standard;4;0;360;Card;Dota 2;5.0;1
SESS-15259;2026-08-18 20:23:00;USR-1134;22;Standard;2;100;200;Cash;CS2;4.0;0
;2026-08-09 13:44:00;;22;Standard;3;600;300;Card;Dota 2;4.0;0
SESS-15012;2026-08-27 21:03:00;USR-1649;16;Bootcamp;2;0;300;Card;Dota 2;5.0;0
SESS-17236;2026-08-29 07:03:00;USR-1020;18;VIP;8;1700;1600;Card;Dota 2;4.0;0
SESS-12052;2026-08-16 11:32:00;USR-1582;19;Bootcamp;5;0;750;Card;Apex Legends;5.0;0
SESS-11776;2026-08-06 20:10:00;USR-1156;45;Standard;2;400;200;Card;Dota 2;5.0;0
SESS-14275;2026-08-16 09:10:00;USR-1776;16;PS5;2;100;450;Card;CS2;4.5;1
SESS-13313;2026-08-23 01:02:00;USR-1533;26;PS5;1;0;250;App;Valorant;5.0;0
SESS-14693;2026-08-13 08:55:00;USR-1174;22;VIP;1;0;200;Card;PUBG;4.0;0
SESS-12536;2026-08-25 13:34:00;USR-1559;18;Bootcamp;2;0;300;Card;Minecraft;4.0;0
SESS-15411;2026-08-31 21:42:00;USR-1385;18;Bootcamp;5;1250;750;Card;Apex Legends;4.5;0
SESS-15922;2026-08-13 23:11:00;USR-1652;27;Standard;2;0;200;Cash;Deadlock;4.0;0
SESS-11592;2026-08-08 21:18:00;USR-1245;19;Standard;2;0;180;App;CS2;1.0;1
SESS-11723;2026-08-24 00:06:00;USR-1641;34;Bootcamp;1;0;150;Card;CS2;3.0;0
SESS-13509;2026-08-06 03:39:00;USR-1382;33;Bootcamp;1;0;150;Card;Valorant;5.0;0
SESS-15904;2026-08-15 10:42:00;USR-1459;26;VIP;2;0;400;Card;Valorant;4.0;0
SESS-13745;2026-08-01 02:42:00;USR-1230;17;Standard;3;0;300;Card;Dota 2;4.5;0
SESS-12611;2026-08-10 22:41:00;USR-1052;15;Standard;2;0;200;Card;CS2;3.0;0
SESS-15130;2026-08-13 16:58:00;USR-1129;34;Bootcamp;2;0;300;App;Dota 2;5.0;0
SESS-10490;2026-08-28 01:34:00;USR-1141;24;VIP;2;350;400;Card;CS2;4.0;0
SESS-16345;2026-08-21 08:02:00;USR-1483;22;Standard;3;600;300;Card;Valorant;;0
SESS-13483;2026-08-08 12:26:00;USR-1263;22;Bootcamp;2;0;300;App;CS2;5.0;0
SESS-12910;2026-08-23 01:42:00;USR-1451;25;PS5;3;240;750;Card;Valorant;5.0;0
SESS-11006;2026-08-04 19:03:00;USR-1137;16;VIP;2;340;400;Card;Minecraft;4.5;0
SESS-16577;2026-08-17 04:56:00;USR-1518;24;PS5;1;50;250;App;GTA V;4.5;0
SESS-13431;2026-08-16 22:57:00;USR-1599;25;Standard;5;0;500;App;CS2;4.5;0
SESS-12503;2026-08-20 16:24:00;USR-1392;15;Standard;3;360;270;Card;CS2;4.0;1
SESS-14755;2026-08-21 10:29:00;USR-1429;34;VIP;3;0;600;App;CS2;5.0;0
SESS-12314;2026-08-05 19:03:00;USR-1671;20;Bootcamp;12;0;1620;Card;Deadlock;5.0;1
SESS-13410;2026-08-11 14:35:00;USR-1430;19;;Standard;3;0;Card;Minecraft;5.0;0
SESS-14284;2026-08-26 18:54:00;USR-1495;16;VIP;2;410;400;Card;CS2;5.0;0
SESS-12554;2026-08-25 21:12:00;USR-1576;36;PS5;3;0;750;Card;Dota 2;4.5;0
SESS-11417;2026-08-02 05:14:00;USR-1616;26;Bootcamp;5;0;750;Card;Dota 2;4.0;0
SESS-13096;2026-08-15 18:42:00;USR-1406;23;VIP;4;0;720;Card;CS2;4.5;1
SESS-10025;2026-08-22 17:04:00;USR-1314;21;PS5;2;0;500;Card;Valorant;4.0;0
SESS-17032;2026-08-05 21:30:00;USR-1626;14;PS5;12;960;3000;Card;CS2;4.0;0
SESS-12409;2026-08-10 12:36:00;USR-1388;23;VIP;8;0;1600;Card;Valorant;5.0;0
SESS-13270;2026-08-05 11:30:00;USR-1761;18;VIP;1;0;180;Card;Dota 2;4.0;1
SESS-13563;2026-08-07 21:15:00;USR-1628;14;VIP;8;0;1600;Card;PUBG;4.0;0
SESS-11113;2026-08-29 04:38:00;USR-1322;36;Bootcamp;5;0;750;App;CS2;1.0;0
SESS-14486;2026-08-19 21:10:00;USR-1065;32;Standard;8;1600;720;Card;Minecraft;4.5;1
SESS-11552;2026-08-27 23:26:00;USR-1185;24;VIP;2;0;400;Card;Dota 2;1.0;0
SESS-16449;2026-08-02 06:01:00;USR-1001;16;Bootcamp;8;1210;1200;Card;Dota 2;3.0;0
SESS-15634;2026-08-29 17:57:00;USR-1746;17;PS5;1;200;250;Card;GTA V;4.0;0
SESS-15398;2026-08-16 16:26:00;USR-1022;20;VIP;3;850;600;Card;CS2;4.0;0
SESS-13214;2026-08-17 02:30:00;USR-1498;24;Standard;4;0;400;App;Browser/Work;5.0;0
SESS-13402;2026-08-15 08:42:00;USR-1289;14;PS5;3;0;750;Card;Valorant;5.0;0
SESS-10433;2026-08-03 18:53:00;USR-1157;25;VIP;1;0;200;Card;PUBG;4.0;0
SESS-10979;2026-08-07 19:24:00;USR-1441;21;VIP;4;1050;800;Cash;CS2;4.5;0
SESS-12655;2026-08-18 18:32:00;USR-1327;29;Standard;1;0;100;App;Dota 2;4.0;0
SESS-11847;2026-08-26 18:50:00;USR-1002;22;Bootcamp;1;450;150;Card;CS2;3.0;0
SESS-15113;2026-08-07 21:18:00;USR-1172;23;Bootcamp;5;0;750;App;Valorant;3.0;0
SESS-14423;2026-08-18 16:17:00;USR-1086;24;Standard;3;0;270;App;CS2;4.0;1
SESS-11127;2026-08-27 01:15:00;USR-1538;16;Standard;3;240;300;App;CS2;4.0;0
SESS-14629;2026-08-04 20:08:00;USR-1533;26;Standard;4;0;400;Card;CS2;3.0;0
SESS-15597;2026-08-23 05:27:00;USR-1463;20;Bootcamp;3;250;450;Card;CS2;4.5;0
SESS-15939;2026-08-30 18:16:00;USR-1333;35;Standard;2;240;200;App;Dota 2;4.5;0
SESS-12518;2026-08-31 13:55:00;USR-1612;31;Standard;12;0;1200;Card;PUBG;4.5;0
SESS-17253;2026-08-01 04:53:00;USR-1466;31;Standard;4;0;400;Card;Deadlock;4.5;0
SESS-11102;2026-08-05 16:10:00;USR-1273;14;Bootcamp;3;0;450;Card;Dota 2;5.0;0
SESS-13276;2026-08-13 06:47:00;USR-1071;14;Standard;2;100;200;App;Dota 2;2.0;0
SESS-14463;2026-08-11 23:44:00;USR-1197;24;Standard;1;80;100;Card;Dota 2;4.0;0
SESS-16571;2026-08-11 10:54:00;USR-1631;21;Standard;1;0;100;App;Valorant;3.0;0
SESS-14561;2026-08-26 12:57:00;USR-1745;18;Bootcamp;3;490;450;Card;Valorant;5.0;0
SESS-17179;2026-08-23 05:07:00;USR-1052;15;Standard;1;120;100;App;Dota 2;4.0;0
SESS-16508;2026-08-08 22:06:00;USR-1280;19;Standard;8;0;800;Card;Dota 2;2.0;0
SESS-10194;2026-08-07 18:29:00;USR-1033;20;Standard;3;360;300;App;CS2;4.0;0
SESS-10615;2026-08-13 20:35:00;USR-1540;26;Standard;2;0;180;Card;Apex Legends;4.0;1
SESS-10643;2026-08-04 05:07:00;USR-1774;19;Standard;1;0;100;Card;CS2;4.5;0
SESS-15440;2026-08-25 18:07:00;USR-1707;20;Bootcamp;2;350;270;Card;Browser/Work;5.0;1
SESS-13285;2026-08-06 15:47:00;USR-1527;17;Standard;3;0;300;App;CS2;4.0;0
SESS-13116;2026-08-12 22:42:00;USR-1425;22;Bootcamp;2;0;300;Card;Valorant;;0
SESS-13927;08/31/26;USR-1328;23;VIP;4;0;800;Card;Dota 2;4.0;0
SESS-13575;2026-08-18 14:01:00;USR-1698;15;VIP;1;300;200;Card;Apex Legends;3.0;0
SESS-12776;2026-08-29 05:53:00;USR-1279;16;Standard;2;240;180;Card;CS2;4.0;1
SESS-16185;2026-08-07 16:30:00;USR-1566;14;VIP;2;200;400;Card;Dota 2;4.5;0
SESS-16378;2026-08-14 07:40:00;USR-1472;17;Standard;1;80;100;App;Dota 2;5.0;0
SESS-13908;2026-08-09 20:01:00;USR-1072;15;Standard;3;240;270;Cash;Dota 2;4.5;1
SESS-10330;2026-08-24 06:31:00;USR-1257;26;Standard;3;0;300;App;Deadlock;5.0;0
SESS-12207;2026-08-01 03:46:00;USR-1134;22;Standard;3;0;300;Card;CS2;5.0;0
SESS-14943;2026-08-20 05:01:00;USR-1123;14;Standard;2;0;200;App;Dota 2;4.5;0
SESS-15427;2026-08-11 18:33:00;USR-1393;35;Standard;1;120;100;Card;Valorant;5.0;0
SESS-12670;2026-08-12 18:34:00;USR-1223;24;Bootcamp;3;0;450;App;Valorant;5.0;0
SESS-13299;2026-08-25 09:54:00;USR-1745;3;Standard;-2;240;300;App;Apex Legends;5.0;0
SESS-10972;2026-08-26 01:27:00;USR-1369;20;PS5;3;0;750;Card;Valorant;4.5;0
SESS-10483;2026-08-16 08:06:00;USR-1025;15;VIP;2;340;400;Card;Dota 2;4.5;0
SESS-12420;2026-08-31 21:33:00;USR-1511;22;Standard;3;0;300;Card;CS2;1.0;0
SESS-12602;2026-08-10 17:52:00;USR-1462;3;Standard;-2;160;200;App;CS2;3.0;0
SESS-10719;27.08.2026;USR-1730;25;PS5;3;0;750;Card;Dota 2;4.5;0
SESS-13982;2026-08-27 14:45:00;USR-1240;21;;VIP;3;340;App;CS2;4.5;1
SESS-12059;2026-08-16 11:14:00;USR-1374;18;VIP;3;400;600;Card;Apex Legends;4.5;0
SESS-12803;2026-08-19 03:09:00;USR-1179;21;Standard;5;0;500;Card;CS2;4.0;0
SESS-12566;2026-08-22 00:51:00;USR-1418;16;Standard;3;0;300;Card;CS2;4.5;0
SESS-16391;2026-08-17 17:02:00;USR-1436;23;Bootcamp;2;0;300;Card;Dota 2;4.0;0
SESS-10032;2026-08-18 04:18:00;USR-1391;20; Bootcamp ;2;0;200;App;Dota 2;4.5;0
SESS-10664;2026-08-10 20:50:00;USR-1408;28;Standard;2;0;200;App;Valorant;4.5;0
SESS-15936;2026-08-12 21:33:00;USR-1355;15;VIP;3;850;600;Card;Dota 2;2.0;0
SESS-14771;2026-08-03 10:39:00;USR-1638;22;VIP;8;0;1600;Cash;Apex Legends;2.0;0
SESS-16086;2026-08-14 01:27:00;USR-1237;14;Bootcamp;5;1100;750;Card;Deadlock;4.0;0
SESS-16227;2026-08-15 16:01:00;USR-1739;28;Standard;8;960;800;App;Dota 2;3.0;0
SESS-11444;2026-08-23 15:36:00;USR-1443;14;Bootcamp;12;0;1800;Card;Dota 2;4.0;0
SESS-17083;2026-08-22 17:29:00;USR-1343;15;PS5;3;240;750;Card;Valorant;4.0;0
SESS-12792;2026-08-26 06:23:00;USR-1398;16;Standard;2;400;200;Card;Dota 2;4.0;0
SESS-13837;2026-08-15 07:10:00;USR-1673;16;VIP;2;0;400;Card;CS2;2.0;0
SESS-11544;2026-08-23 01:02:00;USR-1220;22;Standard;3;0;300;Card;CS2;3.0;0
SESS-11705;2026-08-12 12:44:00;USR-1360;15;Standard;2;400;200;Cash;Valorant;5.0;0
SESS-13573;2026-08-03 13:36:00;USR-1427;21;Bootcamp;1 ч.;450;135;Card;CS2;4.0;1
SESS-16856;2026-08-20 07:08:00;USR-1235;25;Standard;2;0;200;App;Dota 2;4.0;0
SESS-15700;2026-08-20 11:57:00;USR-1115;32;VIP;1;330;180;Card;CS2;4.5;1
SESS-16075;2026-08-19 10:45:00;USR-1137;16;Bootcamp;3;0;450;Card;PUBG;4.0;0
SESS-14509;2026-08-24 00:13:00;USR-1070;22;;VIP;2;0;Card;CS2;3.0;1
SESS-14385;2026-08-17 09:13:00;USR-1202;27;PS5;3;0;750;Card;Valorant;4.5;0
SESS-15020;2026-08-23 19:36:00;USR-1211;26;PS5;2;400;500;App;Dota 2;4.5;0
SESS-13227;2026-08-14 01:01:00;USR-1135;36;;Standard;2;0;App;CS2;4.0;0
SESS-10118;2026-08-05 08:08:00;USR-1378;21;VIP;1;0;200;App;Apex Legends;4.5;0
SESS-12277;2026-08-29 11:31:00;USR-1392;15;VIP;3;0;600;Card;Minecraft;4.0;0
SESS-12905;2026-08-04 16:22:00;USR-1326;19;VIP;5;350;1000;Card;Minecraft;5.0;0
SESS-16813;2026-08-12 16:39:00;USR-1756;25;Bootcamp;3;0;450;App;Deadlock;4.5;0
SESS-11401;2026-08-13 00:52:00;USR-1766;140;Bootcamp;-2;0;600;App;Dota 2;5.0;0
SESS-10739;2026-08-12 07:31:00;USR-1319;19;PS5;4;0;900;App;Valorant;2.0;1
SESS-12456;2026-08-11 08:59:00;USR-1162;32;Standard;3;0;300;Card;PUBG;4.0;0
SESS-10170;2026-08-11 21:20:00;USR-1260;21;PS5;2;0;500;Card;CS2;4.5;0
SESS-10540;2026-08-28 19:30:00;USR-1644;22;VIP;4;0;800;Card;CS2;3.0;0
SESS-14434;2026-08-14 23:08:00;USR-1588;19;Standard;1;50;90;Cash;CS2;4.0;1
SESS-10883;2026-08-16 11:52:00;USR-1407;19;Standard;8;960;800;Card;CS2;4.5;0
SESS-14606;2026-08-06 11:31:00;USR-1325;22;Standard;8;0;800;Cash;Dota 2;5.0;0
SESS-15654;2026-08-23 06:13:00;USR-1171;39;Standard;3;0;300;App;Apex Legends;4.5;0
SESS-15060;2026-08-14 22:49:00;USR-1094;16;PS5;3;150;750;App;CS2;5.0;0
SESS-13966;2026-08-13 20:12:00;USR-1342;21;Bootcamp;1;300;150;Card;Minecraft;4.5;0
SESS-14246;2026-08-23 00:26:00;USR-1326;19;VIP;3;700;600;Cash;Cyberpunk 2077;4.0;0
SESS-10674;2026-08-10 20:26:00;USR-1752;24;Standard;3;0;270;Card;Valorant;4.0;1
SESS-13209;2026-08-05 03:45:00;USR-1448;34;Bootcamp;1;450;150;App;Minecraft;4.5;0
SESS-10397;2026-08-31 18:29:00;USR-1522;22;Standard;1;0;100;Cash;CS2;4.0;0
SESS-12915;2026-08-19 04:46:00;USR-1296;17;VIP;1;300;200;Card;Dota 2;4.0;0
SESS-13785;2026-08-31 03:08:00;USR-1463;20;VIP;3;340;600;Card;CS2;4.0;0
SESS-11815;2026-08-15 03:36:00;USR-1323;20;Standard;2;160;180;Card;CS2;4.0;1
SESS-16253;2026-08-25 22:19:00;USR-1346;15;Standard;3;0;300;Cash;Valorant;4.0;0
SESS-16454;2026-08-24 06:08:00;USR-1768;22;Standard;8;0;720;Card;Dota 2;3.0;1
SESS-14996;2026-08-11 12:30:00;USR-1203;25;Standard;3;240;270;Card;GTA V;5.0;1
SESS-14523;2026-08-15 23:55:00;USR-1476;16;VIP;1;0;180;Card;CS2;2.0;1
SESS-12100;2026-08-07 19:48:00;USR-1177;22;Bootcamp;1;0;150;Cash;Apex Legends;4.0;0
SESS-14840;2026-08-07 22:43:00;USR-1544;19;Bootcamp;1;0;150;Cash;CS2;4.5;0
SESS-14590;2026-08-11 06:54:00;USR-1433;22;Standard;2;240;200;Cash;Minecraft;4.0;0
SESS-16357;2026-08-31 17:59:00;USR-1514;14;Standard;1;0;90;Cash;CS2;5.0;1
SESS-12101;2026-08-04 00:14:00;USR-1338;22;Standard;3;0;300;Card;Deadlock;4.0;0
SESS-16431;2026-08-02 12:55:00;USR-1736;23;Standard;2;100;180;App;Dota 2;5.0;1
SESS-14314;2026-08-19 15:28:00;USR-1669;22;Standard;5;0;500;Card;Apex Legends;4.5;0
SESS-13939;2026-08-25 13:51:00;USR-1133;19;VIP;3;250;600;App;CS2;5.0;0
SESS-11548;2026-08-12 20:47:00;USR-1280;19;VIP;2;0;400;Card;PUBG;4.0;0
SESS-14528;2026-08-29 02:24:00;USR-1369;20;Bootcamp;3;250;450;Card;Dota 2;5.0;0
SESS-13834;2026-08-04 12:52:00;USR-1379;18;Standard;3;600;300;Card;GTA V;4.5;0
SESS-13323;2026-08-02 10:48:00;USR-1065;32;VIP;12;0;2400;App;Valorant;4.5;0
SESS-11410;2026-08-30 23:56:00;USR-1509;16;VIP;4;0;800;Card;Dota 2;4.0;0
SESS-10355;2026-08-12 14:41:00;USR-1540;26;Standard;1;120;100;Cash;Valorant;3.0;0
SESS-14862;2026-08-18 23:25:00;USR-1555;22;VIP;12;0;2400;Card;Valorant;4.5;0
SESS-11461;2026-08-21 12:59:00;USR-1025;15;Standard;3;600;300;Card;CS2;4.0;0
SESS-16572;2026-08-22 15:55:00;USR-1433;22;Standard;1;0;100;Card;Dota 2;5.0;0
SESS-12535;2026-08-06 02:14:00;USR-1420;14;VIP;3;490;540;App;Apex Legends;3.0;1
SESS-16685;2026-08-13 00:27:00;USR-1255;18;Bootcamp;3;0;450;App;CS2;;0
SESS-13220;2026-08-12 04:30:00;USR-1110;17;VIP;2;350;400;Card;Minecraft;3.0;0
SESS-15375;2026-08-16 16:49:00;USR-1651;18;Standard;2;400;180;App;Minecraft;4.5;1
SESS-12373;2026-08-28 03:25:00;USR-1495;16;Standard;8;0;800;Card;Minecraft;4.0;0
SESS-11051;2026-08-20 14:26:00;USR-1433;22;VIP;3;0;600;App;Dota 2;4.0;0
SESS-13074;2026-08-22 03:03:00;USR-1682;17;Standard;1;0;100;App;Browser/Work;3.0;0
SESS-12321;2026-08-07 06:23:00;USR-1779;30;VIP;2;0;400;Cash;Minecraft;4.5;0
SESS-14818;2026-08-18 14:35:00;USR-1033;20;Bootcamp;4;450;600;Cash;Valorant;4.0;0
SESS-13334;2026-08-10 16:42:00;USR-1364;14;;Bootcamp;2;0;Card;CS2;5.0;1
SESS-14863;2026-08-24 21:25:00;USR-1710;16;VIP;3;340;600;Card;CS2;4.0;0
SESS-11751;2026-08-26 13:24:00;USR-1097;19;Bootcamp;3;400;450;Card;Minecraft;5.0;0
SESS-13977;2026-08-28 01:27:00;USR-1223;24;PS5;1;0;250;Card;CS2;4.0;0
SESS-11772;2026-08-11 23:24:00;USR-1635;22;Standard;4;0;400;Card;Dota 2;5.0;0
SESS-11196;2026-08-08 03:25:00;USR-1134;22;Bootcamp;4;300;600;Card;Dota 2;1.0;0
SESS-11878;2026-08-14 20:13:00;USR-1371;16;PS5;1;0;250;Cash;Dota 2;4.0;0
SESS-12668;2026-08-10 05:03:00;USR-1443;14;Bootcamp;2;0;270;Card;CS2;4.0;1
SESS-16832;2026-08-09 04:11:00;USR-1084;23;Standard;12;0;1200;Card;Minecraft;5.0;0
SESS-12016;2026-08-20 19:34:00;USR-1730;25;Bootcamp;8;500;1080;Card;Dota 2;4.5;1
SESS-12005;2026-08-14 14:42:00;USR-1545;25;VIP;4;0;800;Card;Dota 2;5.0;0
SESS-16121;2026-08-15 13:35:00;USR-1658;20;Standard;2;240;200;App;Dota 2;4.5;0
SESS-11482;2026-08-18 20:37:00;USR-1061;16;PS5;2;240;500;Card;Valorant;4.5;0
SESS-13237;2026-08-20 09:14:00;USR-1709;17;VIP;3;0;600;Card;Apex Legends;2.0;0
SESS-10328;2026-08-28 14:58:00;USR-1011;39;Bootcamp;2;0;300;Card;Valorant;5.0;0
SESS-10648;2026-08-26 18:36:00;USR-1771;21;Standard;2;0;200;Card;Valorant;4.0;0
SESS-13599;2026-08-30 15:04:00;USR-1508;37;Standard;2;0;200;Card;Browser/Work;5.0;0
SESS-12945;2026-08-29 15:15:00;USR-1359;23;Standard;2;0;200;App;CS2;5.0;0
SESS-13936;2026-08-11 00:12:00;USR-1433;22;Bootcamp;1;0;150;Card;Dota 2;5.0;0
SESS-11123;2026-08-15 14:22:00;USR-1539;24;Bootcamp;2;350;300;Card;CS2;1.0;0
SESS-10396;2026-08-31 01:44:00;USR-1402;23;Standard;2;0;180;Card;CS2;4.5;1
SESS-12788;2026-08-03 12:22:00;USR-1308;15;;VIP;3;0;Card;CS2;4.0;0
SESS-14420;2026-08-13 06:44:00;USR-1139;16;PS5;4;800;1000;Cash;CS2;3.0;0
SESS-13968;2026-08-22 06:48:00;USR-1716;24;Bootcamp;1;300;150;App;Dota 2;4.0;0
SESS-14338;2026-08-29 12:39:00;USR-1381;22;Standard;2;0;200;Card;Dota 2;4.5;0
SESS-15281;2026-08-19 04:34:00;USR-1439;16;VIP;1;0;200;Card;Dota 2;4.0;0
SESS-16319;2026-08-29 09:57:00;USR-1061;16;PS5;4;0;1000;App;Valorant;5.0;0
SESS-11259;2026-08-07 20:25:00;USR-1696;21;Standard;3;0;300;App;Cyberpunk 2077;4.0;0
SESS-14477;2026-08-18 09:13:00;USR-1348;20;Standard;1;200;100;Card;Dota 2;5.0;0
SESS-17217;2026-08-10 06:49:00;USR-1609;32;Bootcamp;1;0;135;Card;Dota 2;1.0;1
SESS-15163;2026-08-02 23:04:00;USR-1689;27;VIP;2;350;400;App;CS2;4.0;0
SESS-11519;2026-08-02 00:08:00;USR-1655;21;VIP;3;700;600;Cash;CS2;4.5;0
SESS-14038;2026-08-15 09:25:00;USR-1065;32;Standard;2;0;200;Card;PUBG;5.0;0
SESS-11378;2026-08-30 14:03:00;USR-1734;29;Standard;3;150;300;App;Dota 2;4.0;0
SESS-15505;2026-08-31 02:13:00;USR-1315;17;VIP;1;0;180;Card;Valorant;4.0;1
SESS-11023;2026-08-20 13:11:00;USR-1441;21;Standard;3;360;300;Card;CS2;3.0;0
SESS-12587;2026-08-14 17:08:00;USR-1791;25;Bootcamp;3;250;450;Card;Valorant;5.0;0
SESS-12918;2026-08-07 19:34:00;USR-1247;22;Standard;5;0;500;Card;Dota 2;3.0;0
SESS-15255;2026-08-11 12:10:00;USR-1765;37;Standard;4;0;400;Card;CS2;5.0;0
SESS-15366;2026-08-23 15:35:00;USR-1753;22;VIP;2;490;400;App;CS2;4.0;0
SESS-13832;2026-08-04 10:19:00;USR-1188;26;Standard;3;0;300;Card;Dota 2;4.0;0
SESS-10912;2026-08-08 23:54:00;USR-1234;21;Bootcamp;1;300;150;Card;PUBG;4.5;0
SESS-12857;2026-08-15 16:55:00;USR-1326;19;Standard;1;50;100;Card;Valorant;4.0;0
SESS-16691;2026-08-20 14:09:00;USR-1745;18;Standard;1;80;90;App;Dota 2;2.0;1
SESS-11675;2026-08-05 12:12:00;USR-1456;20;Standard;2;0;200;Card;Apex Legends;4.0;0
SESS-11746;2026-08-02 05:24:00;USR-1699;29;Standard;4;320;400;Cash;Valorant;4.0;0
SESS-13026;2026-08-01 19:58:00;USR-1022;20;VIP;3;0;540;Card;PUBG;5.0;1
SESS-10532;2026-08-13 15:10:00;USR-1160;14;Standard;3;0;300;App;Apex Legends;5.0;0
SESS-11736;2026-08-05 20:26:00;USR-1381;22;Standard;5;0;500;App;Dota 2;3.0;0
SESS-11629;2026-08-04 10:36:00;USR-1187;23;Bootcamp;2;0;270;Card;CS2;4.0;1
SESS-16478;2026-08-07 23:10:00;USR-1166;26;Standard;3;360;300;Card;Valorant;4.5;0
SESS-10430;2026-08-08 04:36:00;USR-1701;22;VIP;1;0;200;Card;Deadlock;4.5;0
SESS-13523;2026-08-10 20:34:00;USR-1351;24;VIP;1;220;180;Cash;Deadlock;4.0;1
SESS-11808;2026-08-06 11:03:00;USR-1719;23;PS5;1 часа;200;250;Card;Dota 2;2.0;0
SESS-15620;2026-08-17 07:55:00;USR-1077;18;Standard;3;0;270;App;Valorant;4.5;1
SESS-13607;2026-08-23 06:13:00;USR-1097;19;Bootcamp;1;0;135;Cash;CS2;5.0;1
SESS-14582;2026-08-18 10:47:00;USR-1249;16;Standard;1;0;100;Card;Browser/Work;3.0;0
SESS-14712;2026-08-08 23:29:00;USR-1057;32;Bootcamp;1;0;150;App;CS2;;0
SESS-14907;2026-08-20 12:55:00;USR-1768;22;VIP;12;2650;2400;Card;Valorant;4.5;0
SESS-10234;2026-08-26 01:14:00;USR-1607;17;Standard;3;240;270;Card;Minecraft;4.5;1
SESS-13796;2026-08-25 04:02:00;USR-1508;37;Bootcamp;2;0;300;Cash;Deadlock;4.0;0
SESS-17316;2026-08-28 11:09:00;USR-1163;14;Standard;1;0;100;Card;Valorant;4.0;0
SESS-12222;2026-08-09 19:41:00;USR-1495;16;Standard;2;100;180;Card;Browser/Work;4.0;1
SESS-14608;2026-08-06 01:03:00;USR-1275;24;VIP;2;0;400;App;Minecraft;5.0;0
SESS-14329;2026-08-29 16:00:00;USR-1700;17;Standard;4;0;400;Card;PUBG;4.0;0
SESS-16023;2026-08-18 14:22:00;USR-1450;19;Standard;3;0;300;App;CS2;4.5;0
SESS-13800;2026-08-18 21:52:00;USR-1641;34;Standard;3;0;270;Card;Dota 2;4.0;1
SESS-14653;2026-08-12 21:16:00;USR-1445;15;PS5;2;160;450;App;CS2;4.5;1
SESS-16734;2026-08-16 02:42:00;USR-1605;22;VIP;4;0;800;Card;Cyberpunk 2077;5.0;0
SESS-11948;08/22/26;USR-1337;21;Standard;2;400;180;Card;Valorant;4.0;1
SESS-15768;2026-08-13 18:25:00;USR-1716;24;Standard;2;100;200;Cash;CS2;4.5;0
SESS-16701;2026-08-15 18:46:00;USR-1259;21;Standard;3;0;300;App;CS2;4.0;0
SESS-17038;2026-08-12 02:09:00;USR-1578;17;Bootcamp;1;0;135;Card;Valorant;5.0;1
SESS-14657;2026-08-25 21:03:00;USR-1107;16;Bootcamp;4;0;600;Card;CS2;4.5;0
SESS-13492;2026-08-09 03:59:00;USR-1166;26;Bootcamp;3;0;450;Card;CS2;4.0;0
SESS-16909;2026-08-30 03:11:00;USR-1347;21;Standard;4;200;400;App;CS2;4.5;0
SESS-11995;2026-08-27 21:29:00;USR-1361;20;Standard;3;600;300 ₽;Card;Minecraft;4.0;0
SESS-13639;2026-08-07 11:52:00;USR-1685;23;Bootcamp;12;0;1800;Card;Deadlock;4.0;0
SESS-12671;2026-08-13 00:12:00;USR-1471;21;VIP;5;0;900;Card;Dota 2;5.0;1
SESS-16280;2026-08-04 01:25:00;USR-1696;21;Standard;1;50;100;Card;Dota 2;4.5;0
SESS-12224;2026-08-31 08:03:00;USR-1258;25;Standard;2;0;200;Card;Minecraft;4.0;0
SESS-11106;2026-08-22 04:38:00;USR-1615;22;PS5;3;360;750;Card;CS2;1.0;0
SESS-16218;2026-08-28 23:19:00;USR-1743;30;Bootcamp;2;0;300;Card;Valorant;4.5;0
SESS-10818;2026-08-18 14:50:00;USR-1363;26;Standard;2;400;180;App;Dota 2;4.0;1
SESS-17141;2026-08-31 03:13:00;USR-1224;42;Standard;2;0;180;Card;Valorant;4.0;1
SESS-14411;2026-08-23 13:53:00;USR-1673;16;VIP;2;0;400;Card;Dota 2;4.5;0
SESS-15148;2026-08-11 01:24:00;USR-1586;20;Bootcamp;3;0;405;Card;GTA V;4.5;1
SESS-15480;2026-08-25 04:47:00;USR-1359;23;Standard;2;240;200;Card;CS2;5.0;0
SESS-11697;2026-08-11 18:12:00;USR-1561;21;Standard;4;800;360;Card;Dota 2;4.5;1
SESS-14100;2026-08-24 17:51:00;USR-1476;16;Standard;5;0;500;App;Dota 2;3.0;0
SESS-10136;2026-08-09 00:30:00;USR-1067;23;Bootcamp;3;0;450;App;CS2;5.0;0
SESS-15824;2026-08-06 07:38:00;USR-1335;21;Standard;4;800;400;Card;CS2;4.5;0
SESS-11642;2026-08-23 09:19:00;USR-1412;34;Standard;1;80;100;Cash;CS2;4.0;0
SESS-15806;2026-08-01 21:56:00;USR-1683;25;VIP;2;500;400;Cash;Dota 2;3.0;0
SESS-15613;2026-08-22 23:11:00;USR-1498;24;Bootcamp;3;0;450;App;Dota 2;1.0;0
SESS-13722;2026-08-22 13:00:00;USR-1397;24;Bootcamp;3;0;405;Card;CS2;3.0;1
SESS-16693;2026-08-22 22:23:00;USR-1061;16;Bootcamp;3;0;450;Card;Dota 2;4.5;0
SESS-11180;2026-08-05 22:37:00;USR-1530;21;Standard;4;0;400;App;CS2;5.0;0
SESS-17151;2026-08-19 14:57:00;USR-1302;16;Bootcamp;3;400;450;Card;CS2;4.0;0
SESS-10888;2026-08-14 10:33:00;USR-1133;19;Bootcamp;5;0;750;Card;CS2;2.0;0
SESS-12987;2026-08-17 08:37:00;USR-1108;33;Standard;3;0;270;App;PUBG;4.0;1
SESS-12372;2026-08-03 04:47:00;USR-1749;14;Standard;3;240;300;Card;CS2;4.0;0
SESS-12437;2026-08-21 04:41:00;USR-1167;17;VIP;1;0;180;Card;Valorant;4.5;1
SESS-14108;2026-08-28 17:39:00;USR-1153;22;PS5;12;2400;3000;Card;Minecraft;4.0;0
SESS-15275;2026-08-16 23:01:00;USR-1204;14;Standard;4;0;400;Card;Valorant;3.0;0
SESS-10817;2026-08-20 11:56:00;USR-1116;35;Standard;1;50;100;Card;Valorant;2.0;0
SESS-11111;2026-08-31 11:51:00;USR-1402;23;Bootcamp;5;0;675;Card;CS2;5.0;1
SESS-13414;2026-08-13 02:31:00;USR-1701;22;Standard;4;320;360;Card;Dota 2;4.0;1
SESS-15380;2026-08-05 02:44:00;USR-1763;33;Standard;3;240;270;Card;Dota 2;4.5;1
SESS-12341;2026-08-11 04:54:00;USR-1528;24;Bootcamp;3;0;450;Card;CS2;4.5;0
;2026-08-13 18:58:00;;15;Standard;4;0;400;Card;Dota 2;3.0;0
SESS-13167;2026-08-24 00:00:00;USR-1205;34;Standard;2;0;180;Card;Apex Legends;4.0;1
SESS-15563;2026-08-09 16:54:00;USR-1536;23;Standard;8;0;720;Cash;CS2;4.0;1
SESS-15129;2026-08-28 17:10:00;USR-1557;18;Standard;4;0;400;App;PUBG;4.0;0
SESS-14953;2026-08-25 16:09:00;USR-1645;15;Bootcamp;3;0;450;App;Valorant;4.5;0
SESS-13065;2026-08-15 13:20:00;USR-1640;21;VIP;2;650;400;App;Minecraft;3.0;0
SESS-11264;2026-08-10 12:02:00;USR-1344;18;Standard;5;0;450;Card;Dota 2;4.0;1
SESS-10990;2026-08-09 01:07:00;USR-1787;17;Standard;2;100;200;Card;Valorant;4.0;0
SESS-11464;2026-08-24 03:40:00;USR-1274;14;VIP;12;0;2400;App;CS2;4.0;0
SESS-13662;2026-08-14 22:33:00;USR-1663;21;Bootcamp;1;300;150;Card;Dota 2;4.5;0
SESS-14819;2026-08-27 01:41:00;USR-1167;17;Standard;1;80;90;Card;Dota 2;4.0;1
SESS-11739;2026-08-06 14:55:00;USR-1361;20;ps5;3;0;750;Card;Dota 2;4.0;0
SESS-15783;2026-08-31 04:54:00;USR-1055;24;Bootcamp;2;500;270;Cash;Valorant;4.5;1
SESS-13996;2026-08-23 05:43:00;USR-1121;21;Standard;2;100;200;Card;Valorant;4.0;0
SESS-13710;2026-08-14 09:45:00;USR-1572;15;Standard;2;0;200;Card;Dota 2;5.0;0
SESS-10353;2026-08-26 14:08:00;USR-1259;21;Standard;3;0;270;;CS2;5.0;1
SESS-14461;2026-08-06 13:37:00;USR-1633;14;Bootcamp;2;0;300;;Valorant;2.0;0
SESS-15751;2026-08-14 12:51:00;USR-1325;22;VIP;1;0;200;Cash;Browser/Work;2.0;0
SESS-14209;2026-08-23 12:12:00;USR-1188;26;Bootcamp;3;0;450;Card;Dota 2;4.0;0
SESS-15540;2026-08-12 06:34:00;USR-1042;16;Standard;1;0;90;App;CS2;2.0;1
SESS-16479;2026-08-30 12:42:00;USR-1616;26;Standard;5;0;500;Card;Dota 2;4.0;0
SESS-16157;2026-08-30 10:57:00;USR-1166;26;Standard;3;600;300;Card;CS2;4.5;0
SESS-11489;2026-08-10 16:22:00;USR-1699;29;Bootcamp;2;350;300;App;CS2;5.0;0
SESS-15070;2026-08-06 15:40:00;USR-1727;25;PS5;8;0;1800;Card;Dota 2;5.0;1
SESS-15547;2026-08-12 20:29:00;USR-1498;24;Bootcamp;1;370;135;Card;CS2;4.5;1
SESS-13130;2026-08-12 12:37:00;USR-1245;19;Bootcamp;1;180;135;Card;Apex Legends;4.0;1
SESS-11228;2026-08-19 20:07:00;USR-1171;39;Standard;2;0;200;Card;Dota 2;5.0;0
SESS-14679;2026-08-23 08:21:00;USR-1229;20;VIP;2;0;400;Card;Minecraft;1.0;0
SESS-16440;2026-08-07 19:54:00;USR-1730;25;Bootcamp;3;340;450;Card;Dota 2;5.0;0
SESS-11053;2026-08-28 18:01:00;USR-1096;3;Standard;999;0;100;Card;Dota 2;4.5;0
SESS-17144;2026-08-11 00:38:00;USR-1762;22;Standard;1;50;100;Card;CS2;3.0;0
SESS-12894;2026-08-13 23:52:00;USR-1619;17;VIP;1;0;200;Card;Dota 2;3.0;0
SESS-17063;2026-08-05 17:48:00;USR-1396;15;Bootcamp;2;0;300;Card;CS2;5.0;0
SESS-10052;2026-08-12 18:34:00;USR-1276;36;Standard;2;160;200;App;Valorant;5.0;0
SESS-14529;2026-08-29 09:32:00;USR-1657;17;PS5;12;1440;3000;Card;CS2;4.5;0
SESS-14903;2026-08-31 20:12:00;USR-1628;14;VIP;3;610;600;Card;Minecraft;5.0;0
SESS-16354;2026-08-02 01:41:00;USR-1248;26;PS5;5;0;1250;App;Valorant;4.5;0
SESS-13085;2026-08-15 03:48:00;USR-1658;20;Standard;3;600;300;App;CS2;4.0;0
SESS-10159;2026-08-22 04:00:00;USR-1035;17;Standard;2;0;200;Cash;CS2;4.0;0
SESS-13872;2026-08-10 17:33:00;USR-1249;16;Standard;1;0;100;Card;Dota 2;4.0;0
SESS-11587;2026-08-02 03:09:00;USR-1579;27;VIP;12;1690;2400;Card;CS2;5.0;0
SESS-11589;2026-08-15 22:54:00;USR-1153;22; standard ;1;0;250;Card;Dota 2;4.5;0
SESS-11479;2026-08-22 17:01:00;USR-1576;36;Bootcamp;1;0;150;Card;CS2;4.5;0
SESS-13555;2026-08-28 16:36:00;USR-1224;42;Standard;3;0;300;Card;Dota 2;4.0;0
SESS-15386;2026-08-21 04:44:00;USR-1485;17;Standard;12;0;1200;Card;Cyberpunk 2077;4.0;0
SESS-13145;2026-08-03 11:40:00;USR-1503;19;Standard;2;0;180;Card;CS2;;1
SESS-11469;2026-08-17 20:40:00;USR-1759;20;VIP;5;1100;900;Card;CS2;3.0;1
SESS-14498;2026-08-29 07:16:00;USR-1126;33;Standard;2;160;200;App;PUBG;4.5;0
SESS-13094;2026-08-03 17:33:00;USR-1723;18;Bootcamp;12;1210;1620;Card;Valorant;4.0;1
SESS-16552;2026-08-19 11:35:00;USR-1513;32;VIP;2;0;400;Card;GTA V;2.0;0
SESS-14078;2026-08-28 15:02:00;USR-1691;22;Standard;2;240;200;Card;CS2;5.0;0
SESS-12078;2026-08-04 05:34:00;USR-1398;16;VIP;3;490;600;Card;Dota 2;4.5;0
SESS-16441;2026-08-18 14:50:00;USR-1354;15;Standard;1;80;100;Cash;CS2;3.0;0
SESS-14742;2026-08-25 02:47:00;USR-1383;18;PS5;3;240;750;Card;Dota 2;2.0;0
SESS-14625;2026-08-19 22:10:00;USR-1051;23;Standard;3;0;270;App;Valorant;4.0;1
;2026-08-16 20:16:00;;17;Standard;1;200;100;Cash;PUBG;4.0;0
SESS-16251;2026-08-21 03:07:00;USR-1077;18;Bootcamp;~1;0;150;Card;Cyberpunk 2077;5.0;0
SESS-17281;2026-08-10 06:40:00;USR-1130;19;Standard;1 часа;200;90;Card;Deadlock;4.5;1
SESS-14147;2026-08-26 13:17:00;USR-1560;14;Bootcamp;3;0;405;App;Deadlock;3.0;1
SESS-12828;2026-08-23 05:49:00;USR-1525;20;PS5;3;360;750;App;CS2;4.0;0
SESS-10436;2026-08-13 08:16:00;USR-1761;18;Standard;2;100;200;Card;Valorant;3.0;0
SESS-14368;2026-08-04 19:38:00;USR-1406;23;Standard;3;360;300;App;CS2;4.5;0
SESS-17305;2026-08-09 05:39:00;USR-1492;16;Standard;2;0;200;Card;Valorant;4.0;0
SESS-12960;2026-08-15 01:41:00;USR-1234;21;Standard;1;120;100;Card;Valorant;5.0;0
SESS-15028;2026-08-18 04:51:00;USR-1214;25;VIP;1;0;200;Card;Valorant;4.0;0
SESS-13878;2026-08-15 14:47:00;USR-1593;20;Standard;1;50;90;Card;Dota 2;4.0;1
SESS-11588;2026-08-11 14:10:00;USR-1313;23;Bootcamp;3;340;450;App;Deadlock;4.5;0
SESS-14923;2026-08-23 08:25:00;USR-1034;16;VIP;1;180;200;Card;Minecraft;5.0;0
SESS-12780;2026-08-28 16:44:00;USR-1363;26;Bootcamp;3;490;450;Card;Dota 2;5.0;0
SESS-16133;2026-08-18 07:21:00;USR-1528;24;VIP;4;0;800;Card;CS2;4.0;0
SESS-15552;2026-08-20 00:19:00;USR-1780;22;Standard;1;120;100;Card;Dota 2;4.5;0
SESS-11590;2026-08-06 05:23:00;USR-1169;15;Standard;8;960;800;App;Apex Legends;5.0;0
SESS-14609;2026-08-25 17:09:00;USR-1775;32;Standard;1;50;100;App;CS2;5.0;0
SESS-10973;2026-08-28 13:30:00;USR-1325;22;Standard;1;50;100;Card;Apex Legends;5.0;0
SESS-11238;2026-08-22 15:25:00;USR-1186;21;Standard;5;1000;500;Cash;CS2;5.0;0
SESS-12951;2026-08-02 05:16:00;USR-1271;18;VIP;12;2650;2160;Card;Dota 2;5.0;1
SESS-16758;2026-08-02 23:35:00;USR-1391;20;Standard;2;0;200;Card;Valorant;4.5;0
SESS-12342;2026-08-20 00:03:00;USR-1630;21;Standard;3;0;300;App;CS2;4.5;0
SESS-16643;2026-08-25 00:49:00;USR-1746;140;Bootcamp;999;0;270;Card;Deadlock;4.5;1
SESS-15674;2026-08-13 03:52:00;USR-1473;17;Standard;3;150;300;Card;Deadlock;4.0;0
SESS-15818;2026-08-14 10:24:00;USR-1053;24;Standard;2;0;200;Card;Dota 2;4.0;0
SESS-16446;2026-08-06 23:37:00;USR-1798;16;Bootcamp;3;0;450;Card;CS2;4.0;0
SESS-12231;2026-08-07 20:49:00;USR-1252;24;VIP;2;350;400;App;Dota 2;4.0;0
SESS-17165;2026-08-20 08:41:00;USR-1795;20;Standard;1;0;90;App;CS2;4.5;1
SESS-11497;2026-08-06 23:49:00;USR-1001;16;Bootcamp;2;350;300;Card;GTA V;5.0;0
SESS-10449;2026-08-19 10:30:00;USR-1280;19;Standard;2;400;200;Cash;CS2;4.5;0
SESS-12369;2026-08-06 09:07:00;USR-1237;14;Standard;3;360;300;Card;CS2;4.0;0
SESS-14224;2026-08-10 18:52:00;USR-1107;16;Bootcamp;1;0;150;Card;Valorant;5.0;0
SESS-13429;2026-08-08 08:57:00;USR-1426;14;Bootcamp;1;150;135;Card;CS2;4.0;1
SESS-14739;2026-08-09 10:09:00;USR-1517;24;Standard;4;0;400;Cash;PUBG;4.5;0
SESS-14320;2026-08-30 07:46:00;USR-1691;22;Standard;4;320;400;Card;Dota 2;3.0;0
SESS-13817;2026-08-23 23:02:00;USR-1315;17;Standard;2;0;200;App;Deadlock;5.0;0
;2026-08-10 23:44:00;USR-1355;15;Standard;8;400;800;Card;Valorant;5.0;0
SESS-12422;2026-08-13 07:49:00;USR-1733;22;PS5;4;0;1000;App;Minecraft;2.0;0
SESS-17324;2026-08-23 14:33:00;USR-1035;17;VIP;4;580;800;Card;Minecraft;4.0;0
SESS-16923;24.08.2026;USR-1628;14;Bootcamp;1;0;150;Card;PUBG;4.5;0
SESS-14442;2026-08-20 20:44:00;USR-1240;21;Standard;1;80;90;Card;Dota 2;4.5;1
SESS-11551;2026-08-01 07:14:00;USR-1103;20; Bootcamp ;3;0;300;Cash;Dota 2;5.0;0
SESS-16695;2026-08-30 02:55:00;USR-1658;20;Bootcamp;5;0;750;App;Valorant;4.0;0
SESS-11146;2026-08-26 11:04:00;USR-1088;22;PS5;3;600;750;Card;Dota 2;5.0;0
SESS-14942;2026-08-12 20:33:00;USR-1151;21;Standard;8;400;800;App;Deadlock;5.0;0
SESS-16500;2026-08-18 12:40:00;USR-1772;25;Standard;3;240;300;Card;PUBG;3.0;0
SESS-12092;2026-08-17 06:29:00;USR-1350;20;Standard;3;0;270;Card;Browser/Work;5.0;1
SESS-11313;2026-08-25 16:12:00;USR-1164;14;VIP;3;610;600;Card;Deadlock;3.0;0
SESS-12015;2026-08-18 21:39:00;USR-1566;14;;Standard;3;240;Card;Valorant;4.0;0
SESS-16580;2026-08-01 11:43:00;USR-1327;29;VIP;2;0;400;App;Cyberpunk 2077;5.0;0
SESS-10187;2026-08-14 23:23:00;USR-1592;20;VIP;2;650;400;Card;Apex Legends;4.5;0
;2026-08-31 09:27:00;;33;Standard;3;150;270;App;Minecraft;5.0;1
SESS-13842;2026-08-11 13:19:00;USR-1159;24;Standard;4;0;400;App;Dota 2;4.0;0
SESS-13655;2026-08-30 06:33:00;USR-1063;27;VIP;2;0;400;Card;Valorant;4.0;0
SESS-13426;2026-08-17 14:22:00;USR-1799;20;VIP;2;340;400;Card;Apex Legends;4.5;0
SESS-16942;2026-08-15 15:36:00;USR-1618;30;Standard;1;200;90;App;CS2;5.0;1
SESS-11381;2026-08-19 20:49:00;USR-1168;16;ps5;3;0;270;Card;Dota 2;4.5;1
SESS-14913;2026-08-17 03:40:00;USR-1144;14;PS5;2 ч.;0;500;Card;CS2;5.0;0
SESS-10413;2026-08-01 00:21:00;USR-1114;23;Bootcamp;12;0;1800;Cash;Valorant;1.0;0
SESS-14628;2026-08-22 17:38:00;USR-1006;35;Standard;4;320;360;Card;CS2;4.5;1
SESS-13455;2026-08-04 14:59:00;USR-1194;14;Standard;3;0;300;Card;CS2;5.0;0
SESS-10941;2026-08-13 03:17:00;USR-1167;17;Bootcamp;1;220;150;Card;GTA V;5.0;0
SESS-10801;2026-08-23 09:35:00;USR-1799;20;Standard;3;150;300;Card;CS2;5.0;0
SESS-13336;2026-08-14 08:24:00;USR-1744;33;Bootcamp;3;0;450;Card;Minecraft;4.5;0
SESS-13606;2026-08-15 15:22:00;USR-1428;16;Standard;3;360;300;Card;PUBG;4.5;0
SESS-17072;2026-08-31 21:03:00;USR-1315;17;PS5;2;0;500;Cash;CS2;4.0;0
SESS-12750;2026-08-30 12:39:00;USR-1559;18;Standard;3;0;300;Cash;PUBG;3.0;0
SESS-14046;2026-08-26 04:01:00;USR-1095;20;Standard;3;0;27О;Card;Dota 2;3.0;1
SESS-14634;2026-08-16 19:48:00;USR-1609;32;VIP;3;850;600;App;CS2;4.5;0
SESS-14808;2026-08-29 07:58:00;USR-1464;18;Standard;2;240;200;Card;Cyberpunk 2077;5.0;0
SESS-10256;2026-08-28 00:39:00;USR-1036;18;Standard;1;0;100;App;CS2;4.0;0
SESS-14372;2026-08-01 05:31:00;USR-1123;14;Standard;8;0;800;Card;Dota 2;4.0;0
SESS-10544;2026-08-10 04:22:00;USR-1735;14;Bootcamp;2;0;300;Card;CS2;4.0;0
SESS-13199;2026-08-21 05:24:00;USR-1240;21;Standard;5;0;500;Cash;Valorant;5.0;0
SESS-12235;2026-08-22 09:34:00;USR-1529;16;Standard;4;0;400;Card;Dota 2;5.0;0
SESS-15718;2026-08-30 10:06:00;USR-1062;22;;Bootcamp;3;490;Card;Apex Legends;5.0;1
SESS-10647;2026-08-17 11:57:00;USR-1694;18;VIP;1;330;180;Card;CS2;4.5;1
SESS-11767;04.08.2026;USR-1141;24;VIP;3;0;600;Cash;CS2;4.0;0
SESS-17026;2026-08-09 09:11:00;USR-1339;18;Standard;4;0;400;Card;CS2;4.0;0
SESS-15614;2026-08-23 09:00:00;USR-1795;20;Bootcamp;2;410;270;App;CS2;3.0;1
SESS-15382;2026-08-18 18:14:00;USR-1420;14;Bootcamp;2;0;270;Card;Minecraft;2.0;1
SESS-17140;2026-08-19 00:23:00;USR-1497;14;VIP;3;340;600;Card;Apex Legends;4.0;0
SESS-11572;2026-08-27 02:03:00;USR-1492;16;Standard;3;360;300;Card;Minecraft;5.0;0
SESS-10024;2026-08-09 23:34:00;USR-1042;16;PS5;2;100;500;Card;PUBG;4.5;0
SESS-15962;2026-08-11 08:57:00;USR-1221;22;Bootcamp;2;350;300;Card;CS2;4.5;0
SESS-11088;2026-08-15 19:50:00;USR-1776;16;Standard;4;0;400;App;Minecraft;5.0;0
SESS-14335;2026-08-19 04:00:00;USR-1093;17;Standard;4;0;400;App;CS2;5.0;0
SESS-12694;2026-08-03 21:49:00;USR-1251;14;Standard;2;240;180;App;Valorant;4.5;1
SESS-15119;2026-08-25 02:47:00;USR-1657;17;Bootcamp;12;0;1800;Card;Valorant;3.0;0
SESS-13398;2026-08-25 14:19:00;USR-1309;23;VIP;3;250;540;Card;CS2;4.5;1
SESS-13559;2026-08-01 14:43:00;USR-1640;21;Bootcamp;3;0;450;Card;Dota 2;4.0;0
SESS-10112;2026-08-12 09:19:00;USR-1513;32;Standard;3;0;300;Card;Dota 2;2.0;0
SESS-12841;2026-08-25 01:00:00;USR-1230;17;Standard;8;0;800;App;CS2;4.5;0
SESS-12311;2026-08-13 05:52:00;USR-1066;16;PS5;2;160;500;Card;Cyberpunk 2077;4.5;0
SESS-13441;2026-08-12 22:35:00;USR-1140;20;PS5;4;0;1000;Card;Valorant;4.5;0
SESS-14290;2026-08-20 06:35:00;USR-1099;21;Standard;8;0;800;Card;CS2;4.0;0
SESS-17169;2026-08-06 21:52:00;USR-1443;14;Standard;2;0;200;Card;Dota 2;5.0;0
SESS-15049;2026-08-18 19:15:00;USR-1446;24;Bootcamp;3;340;450;Card;Dota 2;4.5;0
SESS-13805;2026-08-09 05:41:00;USR-1151;21;Bootcamp;2;0;300;Card;CS2;4.0;0
SESS-10056;2026-08-18 08:26:00;USR-1203;25;Standard;3;150;300;Card;Valorant;4.5;0
SESS-11309;2026-08-29 11:52:00;USR-1383;18;Bootcamp;12;2500;1800;App;CS2;5.0;0
SESS-10695;2026-08-05 10:39:00;USR-1672;36;Standard;1;0;100;Cash;Minecraft;4.5;0
SESS-14409;2026-08-13 19:19:00;USR-1016;14;Standard;3;0;300;Card;CS2;3.0;0
SESS-15720;2026-08-13 10:31:00;USR-1791;25;VIP;2;0;400;Card;Apex Legends;5.0;0
SESS-13752;2026-08-28 06:39:00;USR-1619;17;Bootcamp;3;0;450;Card;Minecraft;4.5;0
SESS-15488;2026-08-18 16:18:00;USR-1461;27;Standard;2;100;200;App;Valorant;5.0;0
SESS-11227;2026-08-25 07:18:00;USR-1057;32;Standard;2;0;200;Card;Minecraft;5.0;0
SESS-11999;2026-08-11 08:50:00;USR-1396;15;Standard;2;0;200;Cash;Minecraft;4.5;0
SESS-10276;2026-08-09 09:10:00;USR-1679;15;Bootcamp;1;0;135;App;Valorant;5.0;1
SESS-15292;2026-08-17 18:39:00;USR-1574;20;Bootcamp;8;0;1200;;CS2;4.5;0
SESS-14382;2026-08-14 07:10:00;USR-1236;21;Bootcamp;12;1690;1620;Cash;Minecraft;5.0;1
SESS-11833;2026-08-07 20:40:00;USR-1208;14;Standard;2;400;200;App;Dota 2;5.0;0
SESS-15978;2026-08-09 12:17:00;USR-1712;35;Standard;2;0;180;Card;CS2;4.5;1
SESS-16704;2026-08-29 05:07:00;USR-1627;22;PS5;2;0;500;Card;PUBG;4.5;0
SESS-15096;2026-08-02 05:56:00;USR-1556;18;Standard;3;600;300;App;Minecraft;;0
SESS-10682;2026-08-22 01:04:00;USR-1473;17;Standard;3;150;300;Card;Deadlock;4.0;0
SESS-15416;2026-08-12 05:30:00;USR-1257;26;Standard;3;0;300;Card;CS2;3.0;0
SESS-17109;2026-08-26 18:24:00;USR-1054;21;;Standard;2;400;Card;CS2;4.0;0
SESS-15452;2026-08-28 16:59:00;USR-1592;20;Standard;3;0;300;App;Minecraft;4.0;0
SESS-14353;2026-08-09 21:48:00;USR-1113;17;Standard;3;0;300;Card;Dota 2;2.0;0
SESS-11137;2026-08-07 17:03:00;USR-1523;22;VIP;12;1540;2400;Card;Deadlock;4.0;0
SESS-12767;2026-08-23 13:36:00;USR-1378;21;PS5;3;0;750;App;CS2;4.5;0
;2026-08-15 00:13:00;USR-1291;23;Standard;1;0;100;App;Dota 2;3.0;0
SESS-14751;2026-08-16 05:02:00;USR-1650;16;Standard;3;0;270;Card;Dota 2;4.0;1
SESS-14937;2026-08-26 10:26:00;USR-1329;22;Standard;1;120;100;Card;CS2;3.0;0
SESS-10942;2026-08-04 20:54:00;USR-1481;32;Standard;3;240;300;App;Dota 2;4.0;0
SESS-11036;2026-08-13 12:38:00;USR-1442;22;Standard;1;80;100;App;Dota 2;4.0;0
SESS-12884;2026-08-16 10:26:00;USR-1708;24;PS5;2;0;500;App;GTA V;4.5;0
SESS-16080;2026-08-24 02:34:00;USR-1527;17;Standard;2;100;200;Card;Dota 2;4.0;0
SESS-11346;2026-08-23 23:39:00;USR-1422;17;VIP;3;0;540;App;Minecraft;5.0;1
SESS-13877;2026-08-30 17:45:00;USR-1012;34;Bootcamp;1;0;150;Card;Dota 2;4.0;0
SESS-13646;2026-08-25 06:58:00;USR-1638;22;PS5;2;240;500;App;Dota 2;4.0;0
SESS-14105;2026-08-24 15:50:00;USR-1223;24;VIP;1;0;200;Cash;Dota 2;4.0;0
SESS-14410;2026-08-21 23:36:00;USR-1532;27;VIP;4;0;800;App;Valorant;5.0;0
SESS-13935;2026-08-30 12:00:00;USR-1404;15;Bootcamp;4;730;600;Card;CS2;4.5;0
SESS-12784;2026-08-10 11:48:00;USR-1325;22;PS5;2;240;500;Card;Minecraft;1.0;0
SESS-10880;2026-08-10 18:21:00;USR-1539;24;Standard;2;160;200;App;GTA V;4.0;0
;2026-08-21 21:39:00;USR-1668;22;Standard;1;80;100;Card;Deadlock;3.0;0
SESS-14639;2026-08-11 17:59:00;USR-1690;24;VIP;2;0;400;App;Dota 2;4.0;0
SESS-12988;2026-08-20 12:48:00;USR-1294;14;Standard;1;200;100;Card;CS2;4.0;0
SESS-10115;2026-08-28 10:23:00;USR-1693;31;VIP;8;1850;1600;Cash;Dota 2;5.0;0
SESS-15260;2026-08-24 10:33:00;USR-1527;17;Standard;1;200;100;Card;Dota 2;5.0;0
SESS-13400;2026-08-01 08:51:00;USR-1418;16;VIP;1;0;200;Cash;Browser/Work;5.0;0
SESS-16315;2026-08-10 19:55:00;USR-1025;15;Standard;3;0;300;Card;Minecraft;4.0;0
SESS-13119;2026-08-04 21:20:00;USR-1739;28;Standard;1;0;100;Card;Dota 2;4.5;0
SESS-16635;2026-08-29 17:39:00;USR-1032;16;PS5;4;320;1000;App;Deadlock;5.0;0
SESS-16527;2026-08-02 20:52:00;USR-1273;14;Bootcamp;4;420;540;Card;CS2;3.0;1
SESS-15413;2026-08-18 08:05:00;USR-1371;16;Bootcamp;1;300;150;App;Dota 2;4.0;0
SESS-12819;2026-08-23 04:56:00;USR-1255;18;Standard;4;200;360;Card;Dota 2;4.5;1
SESS-13822;2026-08-24 18:25:00;USR-1644;22;Standard;2;240;180;Card;Valorant;4.0;1
SESS-16947;2026-08-01 19:36:00;USR-1455;31;Bootcamp;2;0;300;Card;Deadlock;1.0;0
SESS-11710;2026-08-29 05:25:00;USR-1094;16;Standard;1;80;100;Card;Dota 2;3.0;0
SESS-16281;2026-08-14 20:43:00;USR-1181;16;Standard;2;0;200;Card;Valorant;;0
SESS-16202;2026-08-05 06:55:00;USR-1224;42;VIP;12;0;2400;Card;CS2;4.0;0
SESS-10081;2026-08-18 05:24:00;USR-1458;16;Bootcamp;3;0;450;App;CS2;4.0;0
SESS-13802;2026-08-31 16:55:00;USR-1586;20;Bootcamp;2;340;270;Card;Valorant;4.0;1
SESS-13536;2026-08-30 16:42:00;USR-1354;15;PS5;2;0;500;App;CS2;5.0;0
SESS-13825;2026-08-15 15:49:00;USR-1220;22;Bootcamp;3;0;450;Card;Deadlock;3.0;0
SESS-15676;2026-08-31 14:48:00;USR-1441;21;Bootcamp;2;340;300;Card;Dota 2;4.0;0
SESS-11946;2026-08-26 06:34:00;USR-1087;16;Standard;1;50;1ОО;Card;PUBG;2.0;0
SESS-14417;2026-08-03 02:19:00;USR-1366;24;Bootcamp;8;1700;1200;Card;CS2;1.0;0
SESS-13488;2026-08-11 03:19:00;USR-1671;20;Standard;2;0;180;App;CS2;3.0;1
SESS-11610;2026-08-08 21:57:00;USR-1625;21;Standard;1;50;90;Card;Browser/Work;4.5;1
SESS-17283;2026-08-11 03:23:00;USR-1487;16;Standard;4;800;400;Card;Minecraft;3.0;0
SESS-12194;2026-08-27 09:50:00;USR-1583;21;Standard;1;50;100;App;CS2;4.0;0
SESS-14936;2026-08-06 13:08:00;USR-1366;24;VIP ;2;0;200;Card;Dota 2;5.0;0
SESS-10557;2026-08-24 04:05:00;USR-1328;23;VIP;2;490;400;Card;Minecraft;4.0;0
SESS-14970;2026-08-19 21:48:00;USR-1571;19;Standard;1;0;100;App;Cyberpunk 2077;3.0;0
SESS-11207;2026-08-23 12:57:00;USR-1532;27;Standard;2;0;180;App;Dota 2;4.0;1
SESS-14355;2026-08-21 04:17:00;USR-1662;25;VIP;2;0;360;Card;Dota 2;2.0;1
SESS-14520;2026-08-08 09:25:00;USR-1692;27;Bootcamp;2;500;270;Card;Valorant;4.0;1
SESS-11510;2026-08-18 06:56:00;USR-1449;17;PS5;4;0;1000;Card;Deadlock;4.5;0
SESS-13829;2026-08-04 06:26:00;USR-1505;28;PS5;3;0;750;Card;PUBG;5.0;0
SESS-13732;2026-08-02 18:01:00;USR-1091;20;Standard;2;400;180;Card;CS2;4.0;1
SESS-17159;2026-08-09 21:07:00;USR-1545;25;Standard;1;0;100;Card;CS2;1.0;0
SESS-13211;2026-08-04 10:43:00;USR-1763;33;Standard;4;800;400;Card;Apex Legends;3.0;0
SESS-13630;2026-08-06 06:20:00;USR-1424;20;PS5;2;400;500;App;Valorant;4.5;0
SESS-15143;2026-08-17 00:42:00;USR-1248;26;Standard;4;200;400;Card;GTA V;4.0;0
SESS-16498;2026-08-24 06:36:00;USR-1176;20;Bootcamp;3;0;450;Card;Dota 2;4.5;0
SESS-10266;2026-08-08 12:56:00;USR-1177;22;Bootcamp;8;0;1200;Card;Apex Legends;4.5;0
SESS-11140;2026-08-16 08:03:00;USR-1343;15;PS5;3;0;750;App;CS2;;0
SESS-13162;2026-08-03 16:55:00;USR-1706;35;VIP;1;0;200;Card;Dota 2;5.0;0
SESS-16718;2026-08-18 06:19:00;USR-1159;24;Standard;3;600;300;Card;Valorant;4.0;0
;2026-08-15 11:15:00;USR-1775;32;VIP;1;150;200;Card;CS2;4.5;0
SESS-11909;2026-08-09 11:27:00;USR-1501;16;Bootcamp;2;200;300;Card;CS2;2.0;0
SESS-14519;2026-08-19 06:07:00;USR-1067;23;Bootcamp;3;0;450;Cash;CS2;4.5;0
SESS-16438;2026-08-01 15:50:00;USR-1394;24;Standard;8;960;800;Card;PUBG;4.0;0
SESS-10656;2026-08-04 14:51:00;USR-1246;25;VIP;3;460;600;Card;Cyberpunk 2077;2.0;0
SESS-15330;2026-08-10 03:21:00;USR-1707;3;Standard;999;600;270;Card;PUBG;4.0;1
SESS-16020;2026-08-30 09:39:00;USR-1094;16;PS5;2;0;450;App;Valorant;4.0;1
SESS-10998;2026-08-18 14:17:00;USR-1186;21;PS5;4;320;1000;Card;CS2;3.0;0
SESS-12834;2026-08-20 02:54:00;USR-1519;17;Bootcamp;1;0;150;App;Apex Legends;2.0;0
SESS-16414;2026-08-22 14:23:00;USR-1632;14;Standard;2;0;200;Card;CS2;4.0;0
SESS-11237;2026-08-03 23:46:00;USR-1714;18;VIP;1;0;200;Cash;CS2;5.0;0
SESS-16284;2026-08-05 18:04:00;USR-1658;20;Standard;2;400;200;Card;CS2;4.0;0
SESS-14888;2026-08-12 13:42:00;USR-1792;36;VIP;3;400;540;App;Dota 2;4.0;1
SESS-15758;2026-08-07 05:24:00;USR-1369;20;VIP;3;0;540;Card;Valorant;1.0;1
SESS-12186;2026-08-22 22:01:00;USR-1420;14;Standard;1;200;100;Card;CS2;5.0;0
SESS-11134;06.08.2026;USR-1025;15;Bootcamp;3;0;405;Card;Dota 2;4.5;1
SESS-11303;2026-08-19 20:13:00;USR-1626;14;Standard;1;0;90;App;Minecraft;3.0;1
SESS-11627;2026-08-07 04:28:00;USR-1141;24;Standard;2;0;200;Card;Apex Legends;1.0;0
SESS-14852;2026-08-12 04:21:00;USR-1362;17;PS5;3;240;750;Card;Dota 2;5.0;0
SESS-11522;2026-08-15 09:01:00;USR-1687;21;VIP;4;730;800;Card;Dota 2;4.0;0
SESS-10358;2026-08-20 08:08:00;USR-1506;17;Bootcamp;3;490;450;App;CS2;4.5;0
SESS-10138;2026-08-18 02:59:00;USR-1672;36;Standard;1;200;100;Card;CS2;4.5;0
SESS-10299;2026-08-04 09:16:00;USR-1539;24;Bootcamp;8;1210;1200;Card;Dota 2;3.0;0
SESS-11556;2026-08-15 16:34:00;USR-1258;25;Standard;12;0;1200;Card;Dota 2;5.0;0
SESS-10382;2026-08-13 12:52:00;USR-1720;27;Bootcamp;4;0;600;Card;CS2;3.0;0
SESS-15206;2026-08-26 22:06:00;USR-1242;15;VIP;2;0;400;Card;Dota 2;5.0;0
SESS-14310;2026-08-23 01:14:00;USR-1438;41;PS5;5;600;1250;Card;Valorant;4.0;0
SESS-17049;2026-08-22 08:05:00;USR-1445;15;Standard;1;120;100;App;Dota 2;4.5;0
SESS-15471;2026-08-14 13:15:00;USR-1128;21;VIP;2;0;400;Card;Minecraft;4.0;0
SESS-14414;2026-08-20 18:34:00;USR-1606;21;PS5;2;100;500;Card;CS2;4.5;0
SESS-16100;2026-08-15 22:42:00;USR-1142;16;Standard;2;0;200;Card;Valorant;4.5;0
SESS-15189;2026-08-06 16:31:00;USR-1534;20;Standard;2;160;200;Card;CS2;3.0;0
SESS-16481;2026-08-31 11:36:00;USR-1452;14;Standard;3;240;270;App;PUBG;5.0;1
SESS-12721;2026-08-02 06:49:00;USR-1234;21;Bootcamp;3;250;405;Card;CS2;4.5;1
SESS-11932;2026-08-06 06:13:00;USR-1414;17;VIP;2;0;400;Cash;Minecraft;1.0;0
SESS-15631;2026-08-13 16:52:00;USR-1391;20;Bootcamp;5;650;750;Card;CS2;2.0;0
SESS-16785;2026-08-31 00:19:00;USR-1228;19;VIP;3;0;600;Card;Minecraft;5.0;0
SESS-16823;2026-08-14 12:16:00;USR-1005;33;Standard;3;150;300;Card;CS2;2.0;0
SESS-16007;2026-08-16 21:50:00;USR-1707;20;Standard;1;0;100;App;Valorant;4.0;0
SESS-13807;2026-08-24 08:30:00;USR-1408;28;Bootcamp;1;330;150;Card;Deadlock;4.0;0
SESS-17031;2026-08-04 09:22:00;USR-1642;19;Standard;1;50;90;;CS2;5.0;1
SESS-14322;2026-08-10 08:49:00;USR-1020;18;;Standard;1;200;Card;CS2;4.0;0
SESS-14154;2026-08-24 11:51:00;USR-1033;20;Standard;3;0;270;Card;CS2;4.0;1
SESS-10796;2026-08-02 06:21:00;USR-1488;16;Standard;2;400;200;Card;Dota 2;4.0;0
SESS-12416;2026-08-27 22:24:00;USR-1024;17;Bootcamp;8;1210;1200;App;Browser/Work;5.0;0
SESS-10785;2026-08-03 03:25:00;USR-1686;23;Bootcamp;12;0;1800;App;CS2;5.0;0
SESS-13158;2026-08-07 01:47:00;USR-1144;14;VIP;3;0;600;Card;Deadlock;5.0;0
SESS-10123;2026-08-10 20:23:00;USR-1006;35;Standard;4;320;400;Card;Apex Legends;2.0;0
SESS-12172;2026-08-18 10:29:00;USR-1532;27;Standard;3;600;300;App;Dota 2;4.0;0
SESS-15438;2026-08-22 01:33:00;USR-1544;19;Bootcamp;8;650;1200;Card;CS2;5.0;0
SESS-15391;2026-08-09 22:50:00;USR-1101;18;VIP;3;400;600;App;Deadlock;3.0;0
SESS-10910;2026-08-21 11:20:00;USR-1255;18;Standard;1;50;100;Card;Minecraft;3.0;0
SESS-12309;2026-08-31 07:20:00;USR-1483;22;Standard;5;1000;500;App;CS2;3.0;0
SESS-17065;2026-08-23 11:36:00;USR-1175;25;VIP;2;0;400;Card;Dota 2;4.5;0
SESS-13634;2026-08-12 13:37:00;USR-1503;19;VIP;5;0;1000;App;CS2;4.0;0
SESS-11257;2026-08-18 07:30:00;USR-1728;17;Standard;2;0;200;Card;Dota 2;5.0;0
SESS-11178;2026-08-08 19:31:00;USR-1301;23;Standard;2;0;200;Card;Minecraft;5.0;0
SESS-13650;2026-08-01 01:08:00;USR-1246;25;VIP;1;0;180;Card;PUBG;4.0;1
SESS-10442;2026-08-12 12:42:00;USR-1666;16;Bootcamp;2;0;300;App;Minecraft;4.0;0
SESS-15782;2026-08-30 15:16:00;USR-1423;17;Standard;1;0;100;Card;Minecraft;5.0;0
SESS-11399;2026-08-02 17:11:00;USR-1504;23;VIP;3;0;600;Cash;CS2;4.0;0
SESS-11457;2026-08-05 03:39:00;USR-1170;14;Standard;4;480;400;Card;Valorant;4.0;0
SESS-14638;2026-08-06 22:51:00;USR-1768;22; Bootcamp ;8;0;2000;Card;Minecraft;4.5;0
SESS-11054;2026-08-08 06:33:00;USR-1243;16;Bootcamp;1;150;150;Card;Dota 2;5.0;0
SESS-13275;2026-08-31 23:50:00;USR-1124;23;Standard;1;0;100;Cash;CS2;5.0;0
SESS-15784;2026-08-21 08:41:00;USR-1719;23;PS5;8;0;2000;Card;Valorant;4.0;0
SESS-13699;2026-08-05 05:14:00;USR-1672;36;Standard;1;200;100;;Deadlock;4.5;0
SESS-13759;2026-08-23 07:00:00;USR-1201;15;Standard;2;400;180;Card;Apex Legends;5.0;1
SESS-10929;2026-08-10 18:00:00;USR-1588;19;Standard;1;0;100;Card;Dota 2;4.0;0
SESS-15331;2026-08-04 20:15:00;USR-1438;41;Bootcamp;1;0;135;App;Dota 2;5.0;1
SESS-11829;2026-08-06 22:45:00;USR-1059;18;Bootcamp;3;0;450;Card;Dota 2;4.0;0
SESS-16395;2026-08-11 16:25:00;USR-1126;33;VIP;3;340;600;App;Minecraft;4.5;0
SESS-16919;2026-08-01 12:19:00;USR-1731;19;VIP;4;0;800;App;CS2;5.0;0
SESS-16074;2026-08-21 04:35:00;USR-1046;20;PS5;3;0;750;Cash;Dota 2;4.5;0
SESS-15002;2026-08-01 02:04:00;USR-1734;29;Standard;1;80;100;App;CS2;4.0;0
SESS-12011;2026-08-22 08:25:00;USR-1287;19;VIP;1;150;200;App;Dota 2;4.5;0
SESS-15716;2026-08-07 12:53:00;USR-1785;26;Standard;8;0;800;Card;Valorant;4.5;0
SESS-16525;2026-08-19 09:08:00;USR-1068;18;PS5;2;400;500;Card;Minecraft;4.5;0
SESS-17239;2026-08-20 04:43:00;USR-1031;24;Standard;1;80;100;Card;Dota 2;4.5;0
SESS-12606;2026-08-12 12:06:00;USR-1585;22;Bootcamp;3;0;450;App;CS2;2.0;0
SESS-13264;2026-08-10 04:22:00;USR-1444;19;Bootcamp;1 ч.;0;150;Card;Valorant;5.0;0
SESS-15698;2026-08-21 03:30:00;USR-1692;27;VIP;3;0;600;Card;Cyberpunk 2077;5.0;0
SESS-16062;2026-08-30 16:26:00;USR-1513;32;Bootcamp;3;460;450;Cash;Dota 2;4.0;0
SESS-10006;2026-08-27 23:39:00;USR-1698;15;Bootcamp;3;400;450;Cash;Valorant;4.5;0
SESS-12980;2026-08-19 09:52:00;USR-1645;15;Standard;1;0;100;Card;CS2;3.0;0
SESS-13361;2026-08-24 01:04:00;USR-1141;24;VIP;3;0;600;Card;Dota 2;4.0;0
SESS-11943;2026-08-07 07:53:00;USR-1779;30;Standard;1;0;100;Card;Dota 2;4.5;0
SESS-14595;2026-08-21 14:59:00;USR-1545;25;Bootcamp;2;0;300;Cash;CS2;2.0;0
;2026-08-13 03:30:00;USR-1506;17;VIP;3;0;600;App;Minecraft;4.5;0
SESS-16381;2026-08-30 22:17:00;USR-1629;22;Standard;12;0;1200;App;CS2;3.0;0
SESS-17275;2026-08-26 20:52:00;USR-1612;31;PS5;2;0;450;App;CS2;5.0;1
SESS-14824;2026-08-26 14:22:00;USR-1008;16;Standard;1;200;100;Card;Valorant;4.5;0
SESS-16941;2026-08-17 03:47:00;USR-1640;21;Standard;1;0;100;Card;Dota 2;5.0;0
SESS-13134;2026-08-11 00:46:00;USR-1540;26;Standard;2;0;200;Card;Dota 2;4.5;0
SESS-15963;2026-08-27 18:36:00;USR-1683;25;VIP;4;0;800;Card;CS2;5.0;0
SESS-12242;2026-08-12 17:51:00;USR-1253;20;Standard;2;400;180;Card;CS2;4.5;1
SESS-11474;2026-08-08 10:47:00;USR-1787;17;Bootcamp;4;420;540;Card;CS2;3.0;1
SESS-15590;2026-08-15 18:41:00;USR-1341;16;Bootcamp;3;250;405;Card;CS2;4.5;1
SESS-11889;08/22/26;USR-1111;35;VIP;2;0;400;App;CS2;1.0;0
SESS-13435;2026-08-23 23:23:00;USR-1611;14;VIP;1;180;180;Card;Valorant;5.0;1
SESS-14684;2026-08-30 07:53:00;USR-1523;22;Standard;1;80;100;App;Valorant;5.0;0
SESS-13705;2026-08-08 17:41:00;USR-1039;20;Standard;4;0;400;Card;CS2;4.0;0
SESS-12021;2026-08-07 18:11:00;USR-1508;37;Standard;1;0;90;Card;Apex Legends;;1
SESS-14020;2026-08-29 21:02:00;USR-1199;26;Bootcamp;1;0;150;Card;CS2;3.0;0
SESS-15935;2026-08-24 10:20:00;USR-1785;26;Standard;2;0;200;Card;CS2;4.5;0
SESS-15372;2026-08-01 09:01:00;USR-1607;17;Standard;2;0;180;Card;Deadlock;5.0;1
SESS-15803;2026-08-30 14:59:00;USR-1459;26;Standard;2;0;200;Card;Dota 2;5.0;0
SESS-12658;2026-08-13 10:28:00;USR-1671;20;Standard;2;400;200;Cash;Valorant;4.0;0
SESS-11130;2026-08-19 13:27:00;USR-1439;16;Standard;3;360;270;Card;CS2;4.0;1
SESS-17226;2026-08-31 16:12:00;USR-1358;16;Bootcamp;3;460;450;Card;Browser/Work;4.0;0
SESS-16831;2026-08-10 08:55:00;USR-1766;33;Standard;2;0;200;Card;Deadlock;5.0;0
SESS-14618;2026-08-24 23:52:00;USR-1690;24;Bootcamp;3;0;450;Card;CS2;4.0;0
SESS-16991;2026-08-28 03:32:00;USR-1798;16;VIP;5;700;1000;Card;PUBG;2.0;0
SESS-14144;2026-08-16 10:14:00;USR-1661;34;Bootcamp;3;460;450;Card;Minecraft;4.0;0
SESS-11236;2026-08-22 17:56:00;USR-1124;23;VIP;2;0;360;Card;Dota 2;2.0;1
SESS-17310;2026-08-01 01:09:00;USR-1260;21;VIP;2;500;400;App;Minecraft;4.5;0
SESS-16779;2026-08-07 00:24:00;USR-1780;22;Bootcamp;3;0;450;App;Minecraft;4.0;0
SESS-12282;2026-08-24 03:13:00;USR-1119;19;VIP;1;0;200;Card;Cyberpunk 2077;4.5;0
SESS-17223;2026-08-25 03:42:00;USR-1597;25;PS5;2;0;450;App;Valorant;3.0;1
SESS-14093;2026-08-25 09:01:00;USR-1775;32;PS5;2;240;500;Cash;CS2;4.0;0
SESS-14373;2026-08-29 00:42:00;USR-1164;14;Standard;2;0;180;Card;Minecraft;3.0;1
;2026-08-05 16:31:00;;15;Standard;2;0;200;Card;PUBG;5.0;0
SESS-10386;2026-08-18 18:23:00;USR-1741;25;PS5;3;0;750;Card;Dota 2;4.5;0
SESS-11628;2026-08-07 02:50:00;USR-1715;21;Standard;1;80;90;App;Dota 2;4.0;1
SESS-13585;2026-08-16 12:26:00;USR-1694;18;Standard;2;0;200;Cash;GTA V;4.0;0
SESS-12714;2026-08-19 01:54:00;USR-1319;19;Standard;4;0;400;Card;CS2;4.0;0
SESS-14436;2026-08-24 14:00:00;USR-1357;23;Standard;4;800;400;Card;Dota 2;2.0;0
SESS-15360;2026-08-22 03:27:00;USR-1025;140;Standard;-2;240;200;Card;Valorant;4.0;0
SESS-16603;2026-08-02 17:01:00;USR-1593;20;PS5;4;0;1000;Card;Apex Legends;4.0;0
SESS-13189;2026-08-19 08:28:00;USR-1159;24;Standard;3;0;300;;CS2;3.0;0
SESS-10909;2026-08-21 02:04:00;USR-1301;23;Bootcamp;4;0;600;Card;CS2;4.0;0
SESS-15970;2026-08-24 07:53:00;USR-1336;17;Bootcamp;2;0;300;Cash;Browser/Work;5.0;0
SESS-11866;2026-08-25 16:33:00;USR-1136;29;Standard;12;0;1200;Card;Dota 2;5.0;0
SESS-11842;2026-08-02 04:52:00;USR-1560;14;VIP;1;0;200;App;CS2;4.0;0
SESS-12497;2026-08-27 17:16:00;USR-1488;16;Bootcamp;4;0;600;Card;Dota 2;4.0;0
SESS-16174;2026-08-14 18:21:00;USR-1186;21;Standard;1;0;100;Card;Apex Legends;4.0;0
SESS-14879;2026-08-26 09:55:00;USR-1748;25;Bootcamp;3;700;450;Card;CS2;4.5;0
SESS-14764;2026-08-06 12:07:00;USR-1795;20;VIP;8;1850;1600;App;Deadlock;5.0;0
SESS-14006;2026-08-31 14:44:00;USR-1577;23;Standard;2;0;200;Card;Dota 2;3.0;0
SESS-12702;2026-08-06 10:25:00;USR-1501;16;Standard;4;0;400;Card;Dota 2;4.5;0
SESS-16201;2026-08-07 02:13:00;USR-1380;28;VIP;2;500;400;App;Apex Legends;4.0;0
SESS-10331;2026-08-27 04:22:00;USR-1118;14;Standard;8;0;800;Card;Deadlock;1.0;0
SESS-14418;2026-08-07 13:43:00;USR-1054;21;Standard;1;120;100;Card;Browser/Work;4.0;0
SESS-14441;2026-08-05 16:04:00;USR-1672;36;Standard;2;160;200;Card;CS2;4.0;0
SESS-12459;2026-08-21 00:08:00;USR-1061;16;Standard;3;0;300;Card;CS2;4.5;0
SESS-11774;2026-08-05 13:14:00;USR-1578;17;VIP;1;150;200;Card;Valorant;2.0;0
SESS-14685;2026-08-24 17:20:00;USR-1485;17;PS5;2;0;500;Card;CS2;;0
SESS-16099;2026-08-05 00:49:00;USR-1306;17;VIP;2;350;400;App;Minecraft;4.0;0
SESS-12686;2026-08-17 05:44:00;USR-1476;16;PS5;3;0;750;App;PUBG;4.0;0
SESS-16364;2026-08-19 14:15:00;USR-1093;17;Standard;2;0;200;Card;Valorant;4.5;0
SESS-16124;2026-08-12 10:12:00;USR-1741;25;Standard;1;200;90;Card;Minecraft;4.5;1
SESS-15250;2026-08-08 19:00:00;USR-1134;22;PS5;8;0;2000;Card;Dota 2;3.0;0
SESS-15538;2026-08-11 02:38:00;USR-1794;26;Standard;3;0;300;Cash;Minecraft;3.0;0
SESS-15805;2026-08-11 21:30:00;USR-1506;17;Standard;2;160;200;Cash;Dota 2;4.0;0
SESS-15761;2026-08-29 16:39:00;USR-1658;20;Bootcamp;3;0;450;Cash;Valorant;5.0;0
SESS-15369;2026-08-30 16:54:00;USR-1792;36;Standard;1;0;100;App;Minecraft;4.0;0
SESS-15671;2026-08-17 02:33:00;USR-1167;17;VIP;3;0;600;App;CS2;5.0;0
SESS-10173;2026-08-25 08:38:00;USR-1606;21;VIP;2;0;400;App;Browser/Work;5.0;0
SESS-13321;2026-08-22 15:54:00;USR-1333;35;Standard;12;960;1200;Card;Valorant;4.0;0
SESS-14374;2026-08-19 04:42:00;USR-1669;22;Bootcamp;2;0;300;App;CS2;4.0;0
SESS-13372;2026-08-11 08:26:00;USR-1108;33;Standard;2;240;180;;Dota 2;4.5;1
SESS-13311;2026-08-17 02:24:00;USR-1515;21;PS5;2;0;500;App;Browser/Work;3.0;0
SESS-14515;2026-08-25 19:12:00;USR-1023;22;Standard;8;0;800;Cash;CS2;4.0;0
SESS-14677;2026-08-18 20:21:00;USR-1061;16;PS5;3;0;750;Card;Minecraft;1.0;0
SESS-15913;2026-08-24 01:30:00;USR-1104;26;Standard;3;360;300;App;PUBG;4.0;0
SESS-13403;2026-08-16 23:48:00;USR-1346;15;Standard;4;320;400;App;CS2;5.0;0
SESS-10018;2026-08-25 03:01:00;USR-1444;19;Standard;4;480;400;Card;Dota 2;2.0;0
SESS-13691;2026-08-09 10:07:00;USR-1173;15;Standard;3;240;300;Card;CS2;4.5;0
SESS-15777;2026-08-10 15:46:00;USR-1643;16;PS5;2;100;450;Cash;CS2;5.0;1
SESS-14096;2026-08-27 17:59:00;USR-1029;20;VIP;3;490;600;Card;CS2;4.0;0
SESS-13628;2026-08-13 03:42:00;USR-1575;16;Standard;3 ч.;0;300;App;CS2;1.0;0
SESS-16558;2026-08-23 18:39:00;USR-1066;16;Standard;2;0;200;Card;Valorant;4.0;0
SESS-12174;2026-08-10 23:18:00;USR-1203;25;Bootcamp;1;330;150;Card;CS2;4.5;0
SESS-11356;2026-08-27 11:25:00;USR-1042;16;VIP;3;0;600;Card;Dota 2;4.0;0
SESS-14563;2026-08-04 21:12:00;USR-1047;32;Standard;2;0;200;Card;Dota 2;4.0;0
SESS-13112;14.08.2026;USR-1065;32;Standard;3;240;300;App;PUBG;4.5;0
SESS-10182;2026-08-12 02:33:00;USR-1751;14;VIP;3;0;600;App;CS2;1.0;0
SESS-15890;2026-08-03 06:01:00;USR-1270;24;Standard;3;0;300;Cash;Valorant;5.0;0
SESS-15964;2026-08-08 21:34:00;USR-1028;31;PS5;4;0;1000;Card;Apex Legends;4.5;0
SESS-11812;2026-08-18 10:43:00;USR-1384;19;Standard;5;0;500;App;Valorant;5.0;0
SESS-16248;2026-08-12 00:50:00;USR-1661;34;VIP;3;0;540;Card;Dota 2;4.0;1
SESS-11800;2026-08-07 22:56:00;USR-1785;26;Bootcamp;1;0;150;Card;Dota 2;;0
SESS-12429;2026-08-08 13:55:00;USR-1317;23;VIP;1;0;180;Card;Minecraft;5.0;1
SESS-14631;2026-08-26 07:20:00;USR-1076;16;Standard;12;0;1080;App;Deadlock;3.0;1
SESS-16514;2026-08-16 09:19:00;USR-1281;20;Standard;4;200;400;Card;CS2;4.0;0
SESS-15242;2026-08-14 07:38:00;USR-1593;20;Standard;2;160;200;App;Dota 2;4.0;0
SESS-15011;2026-08-24 09:41:00;USR-1164;14;PS5;2;100;450;Card;Minecraft;4.0;1
SESS-11159;2026-08-24 09:33:00;USR-1222;17;ps5;3;610;450;Card;CS2;4.5;0
SESS-11213;2026-08-13 12:23:00;USR-1437;15;Standard;8;640;800;Card;Minecraft;4.0;0
SESS-11325;2026-08-01 03:52:00;USR-1134;22;VIP;2;0;400;Card;CS2;3.0;0
SESS-16456;2026-08-15 02:02:00;USR-1714;18; standard ;3;0;300;Card;CS2;4.0;0
SESS-11455;2026-08-14 15:13:00;USR-1289;14;VIP;2;0;400;Card;Minecraft;5.0;0
SESS-14412;2026-08-24 00:32:00;USR-1132;17;VIP;1;0;200;Cash;CS2;5.0;0
SESS-15766;2026-08-31 13:02:00;USR-1769;15;Standard;2;160;200;App;Valorant;4.0;0
SESS-11644;2026-08-30 00:29:00;USR-1316;35;VIP;3;340;540;App;CS2;4.5;1
SESS-12140;2026-08-02 01:03:00;USR-1189;18;VIP;3;0;600;Cash;CS2;3.0;0
SESS-16091;2026-08-19 03:35:00;USR-1010;33;Standard;3;0;300;Card;Dota 2;4.5;0
SESS-10729;2026-08-28 14:28:00;USR-1203;25;PS5;5;600;1250;Cash;CS2;2.0;0
SESS-11936;2026-08-10 14:22:00;USR-1044;17;Standard;2;0;200;Card;CS2;5.0;0
SESS-13793;2026-08-17 18:18:00;USR-1652;27;Standard;1;0;100;Card;Valorant;3.0;0
SESS-17039;2026-08-01 14:00:00;USR-1111;35;PS5;2;240;500;Cash;Apex Legends;4.0;0
SESS-16507;2026-08-13 04:53:00;USR-1535;17;PS5;12;960;3000;App;Cyberpunk 2077;;0
SESS-15719;2026-08-04 16:10:00;USR-1337;21;VIP;2;340;360;Card;CS2;5.0;1
SESS-11110;2026-08-18 23:04:00;USR-1349;20;Standard;1;80;90;Card;Minecraft;5.0;1
SESS-16127;2026-08-26 08:15:00;USR-1276;36;Bootcamp;2;0;300;Cash;GTA V;4.5;0
SESS-12998;2026-08-29 06:46:00;USR-1158;24;Standard;3;0;300;Card;Valorant;4.0;0
SESS-12394;2026-08-05 06:48:00;USR-1139;16;Standard;3;0;300;Cash;GTA V;4.0;0
SESS-11185;2026-08-03 01:30:00;USR-1113;17;VIP;8;500;1600;Card;CS2;5.0;0
SESS-12007;2026-08-03 01:28:00;USR-1636;16;VIP;2;0;400;Card;CS2;4.0;0
SESS-10193;2026-08-07 09:49:00;USR-1757;21;Standard;4;0;400;Card;Valorant;5.0;0
SESS-16251;2026-08-21 03:07:00;USR-1077;18;Bootcamp;~1;0;150;Card;Cyberpunk 2077;5.0;0
SESS-10578;2026-08-17 21:52:00;USR-1700;17;Standard;4;320;400;Card;Dota 2;4.5;0
SESS-10771;2026-08-17 01:27:00;USR-1279;16;PS5;2;160;500;Card;Apex Legends;5.0;0
SESS-12395;2026-08-19 09:05:00;USR-1226;38;Standard;2;0;200;Card;Dota 2;4.0;0
SESS-16658;2026-08-21 02:18:00;USR-1633;14;Standard;3;0;300;App;CS2;4.5;0
SESS-11846;2026-08-28 16:38:00;USR-1740;14;Bootcamp;1;450;150;Card;GTA V;4.0;0
SESS-12902;2026-08-02 05:48:00;USR-1727;25;Standard;3;0;300;Card;Dota 2;4.5;0
SESS-14274;2026-08-29 01:15:00;USR-1215;32;Standard;1;0;100;Card;Minecraft;5.0;0
SESS-13740;2026-08-16 14:48:00;USR-1019;22;VIP;1;0;200;Cash;CS2;3.0;0
SESS-14830;2026-08-25 11:46:00;USR-1784;14;Bootcamp;1;0;150;App;Dota 2;4.5;0
SESS-15001;2026-08-03 12:04:00;USR-1172;23;Bootcamp;4;0;600 руб.;Card;Minecraft;4.5;0
SESS-12073;2026-08-13 23:08:00;USR-1104;26;Bootcamp;5;0;750;Card;CS2;4.0;0
SESS-11896;2026-08-04 15:57:00;USR-1290;31;Bootcamp;2;500;270;Card;CS2;4.0;1
SESS-15544;2026-08-17 07:05:00;USR-1689;27;Standard;3;240;300;Card;Dota 2;4.5;0
SESS-13659;2026-08-31 08:57:00;USR-1782;23;Standard;3;0;270;Card;Minecraft;4.5;1
SESS-12379;2026-08-19 22:46:00;USR-1684;29;VIP;8;0;1440;Cash;CS2;3.0;1
SESS-11447;2026-08-29 15:59:00;USR-1695;37;Standard;1;120;100;Card;Deadlock;5.0;0
SESS-10342;2026-08-04 16:29:00;USR-1585;22;Standard;1;0;100;App;CS2;4.0;0
SESS-16653;2026-08-23 21:37:00;USR-1457;36;Standard;12;0;1200;Card;PUBG;5.0;0
SESS-12527;2026-08-21 07:37:00;USR-1495;16;PS5;2;0;500;Card;PUBG;1.0;0
SESS-10727;2026-08-21 22:57:00;USR-1298;18;Standard;4;800;360;Card;Cyberpunk 2077;4.0;1
SESS-10976;2026-08-20 22:42:00;USR-1376;140;Bootcamp;-2;0;1200;App;Apex Legends;2.0;0
SESS-15306;2026-08-22 08:04:00;USR-1537;16;Standard;2;160;180;Card;Deadlock;1.0;1
SESS-13516;2026-08-21 17:02:00;USR-1694;18;Bootcamp;1;300;150;Card;Dota 2;5.0;0
SESS-14920;2026-08-18 11:18:00;USR-1642;19;PS5;5;0;1250;Card;CS2;5.0;0
SESS-17242;2026-08-10 19:02:00;USR-1454;18;Bootcamp;1;330;135;Cash;PUBG;4.0;1
SESS-13940;2026-08-14 07:55:00;USR-1398;16;Bootcamp;3;0;450;Card;Apex Legends;3.0;0
SESS-11299;2026-08-02 14:33:00;USR-1193;19;Standard;2;400;200;Card;CS2;4.5;0
SESS-16929;2026-08-03 00:19:00;USR-1130;19;Standard;1;0;100;Card;CS2;5.0;0
SESS-10660;2026-08-13 14:26:00;USR-1542;3;PS5;999;400;500;Card;Valorant;3.0;0
SESS-11492;2026-08-07 00:37:00;USR-1565;22;Standard;1;0;100;Card;CS2;4.5;0
SESS-15708;2026-08-29 16:37:00;USR-1114;23;PS5;1;0;250;Card;CS2;4.5;0
SESS-15509;2026-08-03 21:55:00;USR-1426;14;Standard;2;100;180;Card;Minecraft;4.5;1
SESS-12315;2026-08-06 04:29:00;USR-1574;20;Standard;12;0;1080;Card;CS2;2.0;1
SESS-17005;2026-08-27 05:34:00;USR-1759;20;Bootcamp;4;0;540;Card;CS2;1.0;1
SESS-16948;2026-08-16 05:12:00;USR-1248;26;VIP;3;0;600;Card;CS2;4.5;0
SESS-11085;2026-08-16 04:26:00;USR-1583;21;Standard;1;0;100;Card;Deadlock;4.5;0
SESS-17117;2026-08-03 09:26:00;USR-1379;18;Standard;1;120;100;Card;CS2;3.0;0
SESS-13198;2026-08-10 20:01:00;USR-1733;22;Bootcamp;3;0;450;Cash;CS2;3.0;0
SESS-15094;2026-08-05 10:29:00;USR-1030;18;Standard;1;0;100;Cash;CS2;4.0;0
SESS-15108;2026-08-09 21:43:00;USR-1081;34;Standard;1;200;100;App;Minecraft;4.0;0
SESS-10067;2026-08-08 13:02:00;USR-1243;16;Standard;5;0;500;App;Dota 2;2.0;0
SESS-15993;2026-08-07 05:06:00;USR-1470;22;Standard;2;100;200;Card;PUBG;1.0;0
SESS-12269;2026-08-10 15:19:00;USR-1512;15;Bootcamp;2 ч.;0;300;Card;Dota 2;4.0;0
SESS-15312;2026-08-06 04:40:00;USR-1233;31;Standard;5;0;500;Card;Valorant;4.5;0
SESS-14537;2026-08-22 22:45:00;USR-1264;20;Standard;3;0;300;Card;Valorant;5.0;0
SESS-15967;2026-08-15 04:17:00;USR-1334;24;;VIP;5;0;Card;CS2;4.0;0
SESS-13447;2026-08-24 08:22:00;USR-1741;25;VIP;8;1060;1600;Card;Valorant;;0
SESS-12367;2026-08-06 22:02:00;USR-1280;19;Standard;2;0;200;Card;CS2;4.0;0
SESS-14475;2026-08-25 14:14:00;USR-1092;17;Standard;8;0;800;Card;CS2;5.0;0
SESS-15027;2026-08-29 12:22:00;USR-1467;15;Standard;1;0;100;App;Valorant;4.5;0
SESS-12512;2026-08-12 15:39:00;USR-1766;33;Standard;3;0;300;Card;Valorant;1.0;0
SESS-12723;08/17/26;USR-1740;14;VIP;4;0;800;App;CS2;5.0;0
SESS-16425;2026-08-13 16:11:00;USR-1784;14;VIP;2;0;400;Card;Minecraft;4.0;0
SESS-15571;2026-08-07 01:58:00;USR-1679;15;Standard;2;0;180;App;GTA V;3.0;1
SESS-11143;2026-08-21 02:48:00;USR-1564;32;Standard;2;0;200;Cash;Dota 2;5.0;0
SESS-14471;2026-08-29 00:55:00;USR-1797;35;PS5;1;120;250;Card;Minecraft;4.5;0
SESS-16471;2026-08-26 05:55:00;USR-1609;32;Standard;3;0;300;Card;CS2;4.5;0
SESS-16180;2026-08-04 10:23:00;USR-1791;25;Bootcamp;2;350;300;Card;CS2;4.5;0
SESS-13789;2026-08-28 05:50:00;USR-1389;15;Bootcamp;1;150;135;Card;CS2;3.0;1
SESS-12220;2026-08-26 06:52:00;USR-1301;23;Bootcamp;2;490;270;Card;Dota 2;4.5;1
SESS-12331;2026-08-25 04:00:00;USR-1191;16;;Bootcamp;2;340;Card;Valorant;4.0;1
SESS-14588;2026-08-21 11:36:00;USR-1257;26;Standard;4;0;400;App;Valorant;3.0;0
SESS-16658;2026-08-21 02:18:00;USR-1633;14;Standard;3;0;300;App;CS2;4.5;0
SESS-16625;2026-08-06 00:32:00;USR-1474;28;Bootcamp;1;0;135;Card;Minecraft;5.0;1
SESS-14088;2026-08-19 22:09:00;USR-1078;20;Standard;1;200;100;Card;Valorant;4.0;0
SESS-11967;2026-08-28 08:50:00;USR-1229;20;Bootcamp;1;300;150;Card;Minecraft;4.5;0
SESS-16648;2026-08-29 04:43:00;USR-1361;20;PS5;2;0;500;Card;CS2;4.5;0
SESS-16968;2026-08-29 16:36:00;USR-1666;16;Standard;2;100;200;App;Dota 2;4.5;0
SESS-14365;2026-08-04 04:50:00;USR-1276;36;Standard;3;600;270;Card;Dota 2;3.0;1
SESS-10423;2026-08-21 13:04:00;USR-1630;21;Standard;4;0;400;Card;Minecraft;5.0;0
SESS-16535;2026-08-26 22:41:00;USR-1541;24;Bootcamp;8;0;1200;Card;CS2;3.0;0
SESS-11904;2026-08-26 10:12:00;USR-1297;29;PS5;2;100;500;Card;Minecraft;5.0;0
SESS-16844;2026-08-23 17:02:00;USR-1021;14;VIP;2;0;400;Card;Apex Legends;5.0;0
SESS-13917;2026-08-14 21:23:00;USR-1017;16;VIP;8;740;1440;Card;Cyberpunk 2077;5.0;1
SESS-13618;2026-08-02 05:36:00;USR-1783;14;Standard;3;240;300;Card;CS2;4.0;0
SESS-10839;2026-08-19 04:14:00;USR-1188;26;VIP;12;0;2400;Card;Deadlock;5.0;0
SESS-14624;2026-08-30 06:38:00;USR-1466;31;VIP;2;0;400;Card;Dota 2;4.5;0
SESS-10141;2026-08-18 05:27:00;USR-1761;18;Standard;2;0;200;Cash;GTA V;2.0;0
SESS-16228;2026-08-16 20:36:00;USR-1316;35;PS5;2;0;500;App;Valorant;5.0;0
SESS-11377;2026-08-24 01:47:00;USR-1426;14;VIP;3;0;600;Card;CS2;3.0;0
SESS-13674;2026-08-27 11:16:00;USR-1510;17;Bootcamp;2;410;300;App;CS2;5.0;0
SESS-15861;2026-08-25 17:17:00;USR-1216;20;VIP;4;420;800;Card;Dota 2;4.5;0
SESS-13861;2026-08-31 02:21:00;USR-1457;36;Standard;5;0;500;Card;Dota 2;4.5;0
SESS-13808;2026-08-14 03:54:00;USR-1709;17;Bootcamp;3;0;450;Card;Valorant;4.5;0
SESS-11138;2026-08-18 01:38:00;USR-1227;24;Standard;3;240;300;Card;PUBG;5.0;0
SESS-12257;2026-08-19 08:25:00;USR-1703;20;Standard;1;0;100;Cash;CS2;4.0;0
SESS-11787;2026-08-28 01:57:00;USR-1788;15;Standard;3;0;300;Card;Dota 2;5.0;0
SESS-13938;2026-08-19 10:13:00;USR-1638;22;VIP;3;0;540;Card;GTA V;5.0;1
SESS-15746;2026-08-06 02:57:00;USR-1762;22;Standard;2;160;200;App;CS2;4.5;0
SESS-10459;2026-08-13 21:35:00;USR-1389;15;Bootcamp;3;250;450;App;Valorant;5.0;0
SESS-16897;2026-08-10 09:23:00;USR-1624;18;Standard;4;480;400;Card;CS2;5.0;0
SESS-10948;2026-08-19 09:09:00;USR-1606;21;VIP;2;0;400;App;Dota 2;4.0;0
SESS-13700;2026-08-29 07:59:00;USR-1726;29;VIP;8;0;1600;App;Minecraft;5.0;0
SESS-11336;2026-08-11 10:16:00;USR-1171;39;Standard;3 часа;150;300;App;CS2;4.5;0
SESS-16004;2026-08-09 15:02:00;USR-1521;140;Standard;999;100;200;Card;PUBG;5.0;0
SESS-11602;2026-08-07 09:45:00;USR-1099;21;Standard;1;0;100;Card;Dota 2;4.0;0
SESS-12238;2026-08-16 02:48:00;USR-1691;22;Standard;1;0;100;Card;CS2;3.0;0
SESS-10639;2026-08-30 06:32:00;USR-1390;18;Bootcamp;1;0;150;Card;CS2;4.5;0
SESS-17284;2026-08-22 07:44:00;USR-1398;16;Standard;4;0;400;Card;Valorant;4.5;0
SESS-13830;2026-08-18 17:44:00;USR-1499;22;PS5;3;0;750;Card;PUBG;4.0;0
SESS-14925;2026-08-03 03:40:00;USR-1684;29;Bootcamp;1;180;150;App;Dota 2;4.0;0
SESS-15201;2026-08-02 07:50:00;USR-1139;16;Standard;1;200;100;Card;CS2;5.0;0
SESS-16745;2026-08-31 17:43:00;USR-1473;17;Standard;2;240;200;App;Minecraft;5.0;0
SESS-11070;2026-08-09 19:31:00;USR-1146;22;Standard;2;0;200 ₽;Card;Minecraft;3.0;0
SESS-10155;2026-08-03 06:43:00;USR-1715;21;VIP;2;0;400;App;Dota 2;4.0;0
SESS-12295;2026-08-25 18:58:00;USR-1284;22;VIP;1;0;180;Card;CS2;3.0;1
SESS-14796;2026-08-29 03:02:00;USR-1051;23;Bootcamp;2;0;300;Card;PUBG;5.0;0
SESS-11089;2026-08-21 17:35:00;USR-1784;14;Bootcamp;3;0;450;Card;Dota 2;4.0;0
SESS-12940;2026-08-16 20:44:00;USR-1056;20;Bootcamp;2;0;300;Card;Valorant;4.0;0
SESS-16379;2026-08-30 21:55:00;USR-1206;15;Standard;1;0;100;Card;CS2;1.0;0
SESS-14384;2026-08-21 12:00:00;USR-1186;21;Standard;12;0;1200;Card;Dota 2;4.0;0
SESS-10930;2026-08-03 22:34:00;USR-1009;20;Bootcamp;1;0;150;Card;Minecraft;4.5;0
SESS-12909;2026-08-11 04:10:00;USR-1013;22;VIP;2;410;400;Card;Dota 2;5.0;0
SESS-16044;2026-08-09 14:27:00;USR-1145;18;Bootcamp;3;0;450;Card;Dota 2;5.0;0
SESS-16921;2026-08-10 15:02:00;USR-1775;32;Standard;2;0;200;;CS2;4.0;0
SESS-13247;2026-08-21 04:43:00;USR-1505;28;VIP;1;180;200;App;CS2;4.5;0
SESS-16852;2026-08-29 15:25:00;USR-1208;3;Standard;999;0;200;Card;Dota 2;4.0;0
SESS-15591;2026-08-13 09:55:00;USR-1775;32;Bootcamp;1;370;135;Card;Valorant;5.0;1
SESS-15520;2026-08-28 07:20:00;USR-1618;30;Standard;8;400;800;Card;CS2;5.0;0
SESS-16682;2026-08-01 20:55:00;USR-1106;15;Standard;2;0;200;Card;Dota 2;5.0;0
SESS-16515;2026-08-26 23:35:00;USR-1523;22;PS5;2;0;500;;Minecraft;4.5;0
SESS-17030;2026-08-20 14:58:00;USR-1195;16;Standard;4;320;400;App;Cyberpunk 2077;4.0;0
SESS-11698;2026-08-07 07:07:00;USR-1426;14;VIP;3;460;540;Card;CS2;4.5;1
SESS-17246;2026-08-24 07:31:00;USR-1786;24;Standard;5;400;450;Card;CS2;;1
SESS-15573;2026-08-16 08:04:00;USR-1078;20;Standard;2;160;200;Card;Valorant;4.0;0
SESS-15642;2026-08-27 07:29:00;USR-1521;20;VIP;2;0;400;Card;Deadlock;4.5;0
SESS-13831;2026-08-19 11:36:00;USR-1504;23;Standard;2;0;200;App;CS2;4.0;0
SESS-16874;2026-08-19 16:21:00;USR-1189;18;VIP;4;0;800;App;Minecraft;4.5;0
SESS-16864;2026-08-30 14:35:00;USR-1592;20;PS5;2;0;500;App;Valorant;4.0;0
SESS-10985;2026-08-27 05:16:00;USR-1005;33;Bootcamp;4;0;600;Card;Dota 2;5.0;0
SESS-11821;2026-08-25 09:02:00;USR-1460;28;Standard;2;400;180;Card;Dota 2;4.0;1
SESS-10587;2026-08-02 02:57:00;USR-1439;16;Standard;3;150;300;Card;CS2;4.5;0
SESS-17196;2026-08-10 23:09:00;USR-1520;26;VIP;1;0;180;Cash;Dota 2;4.5;1
SESS-15223;2026-08-19 04:19:00;USR-1572;15;Standard;2;160;200;Card;Minecraft;3.0;0
SESS-16869;2026-08-23 11:49:00;USR-1012;34;Standard;1;120;100;Cash;Browser/Work;4.5;0
SESS-10748;2026-08-29 08:09:00;USR-1576;36;Standard;1;0;100;Card;Minecraft;5.0;0
SESS-14778;2026-08-23 13:23:00;USR-1078;20;Bootcamp;8;0;1080;Card;CS2;5.0;1
SESS-16298;2026-08-24 09:14:00;USR-1103;20;Standard;1;120;100;Cash;Valorant;3.0;0
SESS-13557;2026-08-18 20:39:00;USR-1085;38;Standard;2;240;180;App;CS2;4.0;1
SESS-11395;2026-08-17 03:12:00;USR-1581;18;Bootcamp;12;2650;1800;Card;Minecraft;3.0;0
SESS-10264;2026-08-22 07:53:00;USR-1760;17;Bootcamp;1;0;150;Card;Dota 2;5.0;0
SESS-13547;2026-08-28 02:36:00;USR-1685;23;Bootcamp;1;300;150;Cash;Valorant;4.5;0
SESS-14705;2026-08-13 13:51:00;USR-1283;33;VIP;2;0;400;Card;Valorant;4.0;0
SESS-16886;2026-08-23 17:32:00;USR-1323;20;VIP;4;0;800;Card;Dota 2;4.0;0
SESS-15314;2026-08-24 15:02:00;USR-1696;21;Bootcamp;3;0;450;Card;CS2;4.0;0
SESS-13864;2026-08-23 10:39:00;USR-1273;14;PS5;3 часа;360;750;App;Valorant;5.0;0
SESS-16260;2026-08-18 10:11:00;USR-1131;30;Bootcamp;1;300;150;Card;Apex Legends;5.0;0
SESS-12400;2026-08-18 22:09:00;USR-1108;33;Standard;2;240;200;Card;CS2;4.5;0
SESS-15441;2026-08-10 04:11:00;USR-1222;17;Bootcamp;4;0;600;Cash;Minecraft;4.5;0
SESS-13711;2026-08-09 02:16:00;USR-1641;34;Standard;3;150;270;App;CS2;4.5;1
SESS-10246;2026-08-08 19:14:00;USR-1725;21;Standard;12;2400;1200;Card;Valorant;5.0;0
SESS-11594;2026-08-11 06:42:00;USR-1142;16;PS5;2;0;500;Cash;CS2;4.5;0
SESS-11891;2026-08-23 20:12:00;USR-1074;17;VIP;2;650;400;App;Dota 2;4.0;0
SESS-17102;2026-08-26 05:02:00;USR-1748;25;Standard;2;240;200;Card;Deadlock;5.0;0
SESS-10923;2026-08-29 02:36:00;USR-1092;17;VIP;5;0;1000;App;Minecraft;3.0;0
SESS-14655;2026-08-10 03:48:00;USR-1610;22;Standard;1;80;90;Card;Minecraft;4.5;1
SESS-17009;2026-08-20 08:37:00;USR-1496;21;Bootcamp;5;0;675;App;Deadlock;4.5;1
SESS-10669;2026-08-29 05:13:00;USR-1366;24;VIP;12;0;2400;App;Dota 2;4.5;0
SESS-13604;2026-08-30 15:00:00;USR-1768;22;Standard;2;400;200;Card;CS2;5.0;0
SESS-11910;2026-08-13 22:24:00;USR-1544;19;Standard;2;0;200;Card;Apex Legends;5.0;0
SESS-15247;2026-08-28 13:41:00;USR-1037;38;PS5;3;360;750;App;Dota 2;5.0;0
SESS-13958;2026-08-05 12:44:00;USR-1665;23;Standard;8;1600;720;App;CS2;5.0;1
SESS-12696;2026-08-17 11:56:00;USR-1717;17;Standard;1;0;100;App;Valorant;5.0;0
SESS-12591;2026-08-25 14:21:00;USR-1509;16;VIP;3;0;600;Cash;Deadlock;4.0;0
SESS-11781;2026-08-18 21:53:00;USR-1214;25;Standard;2;0;200;Card;CS2;5.0;0
SESS-13013;2026-08-24 04:24:00;USR-1263;22;PS5;1;0;250;Cash;Valorant;5.0;0
SESS-12307;2026-08-03 17:58:00;USR-1238;30;PS5;2;0;500;Card;PUBG;4.0;0
SESS-14505;2026-08-28 15:29:00;USR-1382;33;Bootcamp;1;0;135;Card;CS2;3.0;1
SESS-13690;2026-08-13 01:51:00;USR-1531;22;VIP;2;0;360;App;CS2;;1
SESS-10687;2026-08-21 15:28:00;USR-1226;38;Bootcamp;3;0;450;Cash;CS2;4.0;0
SESS-10612;2026-08-09 05:26:00;USR-1181;16;Standard;3;360;300;Card;Minecraft;4.0;0
SESS-13200;2026-08-26 00:47:00;USR-1799;20;Standard;2;160;200;App;Dota 2;3.0;0
SESS-12267;2026-08-07 09:22:00;USR-1296;17;Standard;1;80;100;Card;CS2;2.0;0
SESS-17234;2026-08-31 06:29:00;USR-1322;36;Standard;1;0;90;Card;Minecraft;4.5;1
SESS-16415;2026-08-22 05:14:00;USR-1658;20;VIP;2;490;360;Card;CS2;5.0;1
SESS-11898;2026-08-26 18:51:00;USR-1521;20;VIP;3;0;600;Card;Dota 2;4.5;0
SESS-15198;2026-08-29 14:33:00;USR-1260;21;Standard;1;80;90;Card;Dota 2;3.0;1
SESS-10258;2026-08-22 22:48:00;USR-1697;36;Bootcamp;1;0;150;Card;CS2;4.0;0
SESS-12924;2026-08-04 00:00:00;USR-1065;32;Standard;1;80;100;Card;Deadlock;1.0;0
SESS-12822;2026-08-04 18:13:00;USR-1143;21;Standard;5;0;500;Card;CS2;4.5;0
SESS-13339;2026-08-24 06:43:00;USR-1036;18;VIP;2;410;400;App;Dota 2;3.0;0
SESS-13525;2026-08-10 17:48:00;USR-1086;24;Standard;4;0;400;Card;Dota 2;4.0;0
SESS-12285;2026-08-01 05:46:00;USR-1203;25;Standard;3;0;300;Card;PUBG;1.0;0
SESS-10484;2026-08-24 05:00:00;USR-1274;14;VIP;4;900;800;Card;Apex Legends;5.0;0
SESS-12211;2026-08-06 14:49:00;USR-1734;29;PS5;5;1000;1250;Card;Valorant;1.0;0
SESS-14663;2026-08-13 17:53:00;USR-1247;22;Standard;3;600;300;Card;Dota 2;4.0;0
SESS-12555;2026-08-22 21:21:00;USR-1055;24;Standard;3;0;300;Card;Dota 2;4.0;0
SESS-10007;2026-08-02 07:42:00;USR-1045;23;Standard;2;0;180 ₽;Card;Apex Legends;3.0;1
SESS-13657;2026-08-01 09:05:00;USR-1256;21;Bootcamp;1;300;150;Cash;CS2;3.0;0
SESS-16393;2026-08-31 05:19:00;USR-1343;15;PS5;12;0;3000;Card;CS2;5.0;0
SESS-14402;2026-08-15 13:03:00;USR-1032;16;VIP;4;0;800;Card;CS2;4.5;0
SESS-12426;2026-08-27 10:13:00;USR-1243;16;PS5;1;50;250;App;Valorant;4.5;0
SESS-11814;2026-08-11 08:07:00;USR-1159;24;Standard;3;600;300;Card;Valorant;4.0;0
SESS-12274;2026-08-16 22:46:00;USR-1379;18;VIP;2;500;400;Card;CS2;5.0;0
SESS-11011;2026-08-28 03:31:00;USR-1535;17;VIP;3;490;540;Card;CS2;1.0;1
SESS-15095;2026-08-19 10:59:00;USR-1261;35;Bootcamp;3;400;405;;Minecraft;5.0;1
SESS-11067;2026-08-21 19:42:00;USR-1522;22;Bootcamp;4;0;540;Cash;CS2;4.5;1
SESS-11991;2026-08-08 07:53:00;USR-1687;21;Standard;2;0;200;App;Minecraft;3.0;0
SESS-13970;2026-08-20 08:43:00;USR-1594;15;Standard;1;0;90;Card;CS2;3.0;1
SESS-15351;2026-08-31 15:11:00;USR-1086;24;VIP;3;700;600;Card;Minecraft;5.0;0
SESS-13867;2026-08-29 08:07:00;USR-1014;23;Standard;12;0;1080;Card;Dota 2;4.5;1
SESS-16730;2026-08-28 17:54:00;USR-1100;27;VIP;1;0;200;Card;Dota 2;4.5;0
SESS-13048;2026-08-28 04:49:00;USR-1388;23;VIP;5;0;1000;Card;CS2;2.0;0
SESS-10781;2026-08-15 07:42:00;USR-1218;16;VIP;2;0;400;Card;Valorant;4.0;0
SESS-17323;2026-08-03 06:11:00;USR-1022;20;Standard;4;0;400;Card;CS2;4.5;0
SESS-11749;2026-08-21 22:57:00;USR-1563;41;VIP;8;1060;1440;Card;Valorant;3.0;1
SESS-12791;2026-08-02 02:43:00;USR-1145;18;Standard;3;360;300;Card;CS2;4.0;0
SESS-11091;2026-08-12 19:04:00;USR-1766;33;VIP;12;0;2160;App;Dota 2;3.0;1
SESS-15199;2026-08-28 11:31:00;USR-1184;23;Bootcamp;2;0;300;App;CS2;4.5;0
SESS-16423;2026-08-18 15:29:00;USR-1167;17;Standard;2;0;200;Card;Deadlock;4.0;0
SESS-16118;2026-08-04 08:28:00;USR-1040;16;Standard;12;2400;1200;Card;Valorant;4.5;0
SESS-12608;2026-08-06 04:12:00;USR-1406;23;Standard;4;0;360;Cash;GTA V;4.0;1
SESS-16182;2026-08-24 20:13:00;USR-1487;16;VIP;5;0;1000;Card;CS2;4.5;0
SESS-12290;2026-08-01 11:32:00;USR-1139;16;Standard;2;0;180;Card;Apex Legends;4.5;1
SESS-11727;2026-08-25 15:39:00;USR-1778;17;VIP;2;0;360;Cash;Apex Legends;3.0;1
SESS-10610;2026-08-01 06:06:00;USR-1296;17;Bootcamp;3;0;450;Card;Valorant;5.0;0
SESS-10343;2026-08-25 17:05:00;USR-1767;29;Bootcamp;2;0;270;Card;Valorant;4.0;1
SESS-15879;2026-08-29 16:45:00;USR-1181;16;Standard;3;240;300;Card;Minecraft;4.0;0
SESS-13750;2026-08-05 05:05:00;USR-1211;26;Bootcamp;3;0;450;Card;Dota 2;4.5;0
SESS-16584;2026-08-12 17:40:00;USR-1786;24;Standard;2;0;200;App;CS2;5.0;0
SESS-13215;2026-08-11 07:32:00;USR-1237;14;Bootcamp;3;0;450;Cash;CS2;4.0;0
SESS-10097;2026-08-27 23:36:00;USR-1666;16;VIP;1;300;200;Card;Valorant;4.5;0
SESS-14728;2026-08-08 02:45:00;USR-1036;18;VIP;2;0;400;Card;CS2;3.0;0
SESS-11537;2026-08-06 10:46:00;USR-1209;24;Bootcamp;2;0;270;App;CS2;2.0;1
SESS-13588;2026-08-17 18:09:00;USR-1602;15;VIP;3;610;540;Card;Minecraft;4.0;1
SESS-13648;2026-08-20 13:44:00;USR-1055;24;Standard;3;0;300;Card;CS2;4.5;0
SESS-16001;2026-08-08 04:43:00;USR-1646;19;Standard;1;0;100;Card;CS2;4.5;0
SESS-14656;2026-08-08 02:48:00;USR-1032;16;Bootcamp;4;0;600;Cash;Valorant;4.0;0
SESS-11517;2026-08-16 05:42:00;USR-1160;14;PS5;3;600;750;App;Apex Legends;5.0;0
SESS-17108;2026-08-15 01:19:00;USR-1283;33;Standard;3;0;300;Card;Browser/Work;4.0;0
SESS-14272;2026-08-12 18:10:00;USR-1559;18;Standard;1;120;100;Card;Dota 2;4.5;0
SESS-13669;2026-08-01 12:04:00;USR-1240;21;Standard;2;400;200;Card;PUBG;4.0;0
SESS-12090;2026-08-29 18:28:00;USR-1616;26;Standard;2;160;200;App;Valorant;5.0;0
SESS-10572;2026-08-13 10:01:00;USR-1579;27;Standard;2;240;200;Card;CS2;4.5;0
SESS-16859;2026-08-16 23:06:00;USR-1423;17;Standard;~2;0;200;Card;CS2;4.0;0
SESS-16262;2026-08-02 22:49:00;USR-1364;14;Standard;1;120;100;Card;Minecraft;4.5;0
SESS-13062;2026-08-15 13:47:00;USR-1634;28;VIP;4;0;800;App;Minecraft;4.0;0
SESS-14769;2026-08-02 15:37:00;USR-1099;21;VIP;3;0;600;App;PUBG;2.0;0
SESS-12117;2026-08-03 10:54:00;USR-1238;30;Bootcamp;2;260;3ОО;App;CS2;5.0;0
SESS-14354;2026-08-16 04:45:00;USR-1133;19;VIP;5;0;900;Card;Dota 2;2.0;1
SESS-15038;2026-08-12 11:32:00;USR-1072;15;Standard;2;0;200;Card;CS2;4.0;0
SESS-14479;2026-08-25 05:50:00;USR-1615;22;PS5;4;320;1000;Cash;Dota 2;4.0;0
SESS-10370;2026-08-06 11:38:00;USR-1335;21;;VIP;4;0;App;CS2;3.0;1
SESS-11938;2026-08-31 21:06:00;USR-1075;14;Standard;1;120;100;Card;CS2;4.0;0
SESS-15325;2026-08-24 08:47:00;USR-1359;23;PS5;2;0;500;Card;Dota 2;5.0;0
SESS-16512;2026-08-12 21:32:00;USR-1665;23;Bootcamp;1;0;150;Card;CS2;3.0;0
SESS-13670;2026-08-15 21:05:00;USR-1015;23;Bootcamp;2;260;300;Card;Dota 2;4.5;0
SESS-13652;2026-08-19 08:32:00;USR-1044;17;Standard;2;0;200;Card;Minecraft;4.0;0
SESS-12361;2026-08-08 18:34:00;USR-1666;16;Standard;3;0;300;App;CS2;3.0;0
SESS-14260;2026-08-09 13:36:00;USR-1595;20;PS5;1;0;250;App;Minecraft;4.5;0
SESS-14689;2026-08-17 06:33:00;USR-1598;16;Standard;2;0;200;Card;CS2;4.5;0
SESS-17012;2026-08-09 05:44:00;USR-1341;16;Bootcamp;3;0;450;Card;CS2;4.5;0
SESS-13737;2026-08-04 22:50:00;USR-1721;20;Standard;3;0;300;Card;Cyberpunk 2077;4.5;0
SESS-14635;2026-08-01 16:26:00;USR-1746;17;Bootcamp;2;0;300;Cash;Dota 2;4.0;0
SESS-15190;2026-08-10 14:25:00;USR-1492;16;Standard;5;0;500;App;Minecraft;3.0;0
SESS-17018;2026-08-28 21:07:00;USR-1354;15;Standard;3;0;300;Card;Dota 2;5.0;0
SESS-11171;2026-08-15 04:36:00;USR-1214;25;Standard;3;0;300;Card;Dota 2;3.0;0
SESS-14902;2026-08-11 04:41:00;USR-1606;21;Standard;3;150;300;App;CS2;4.5;0
SESS-11422;2026-08-10 03:43:00;USR-1021;14;Standard;2;400;200;Card;GTA V;5.0;0
SESS-16770;2026-08-20 15:10:00;USR-1034;16;Standard;1;0;100;App;GTA V;5.0;0
SESS-16641;2026-08-09 20:56:00;USR-1350;20;Standard;4;200;400;Card;Dota 2;1.0;0
SESS-14945;2026-08-26 18:48:00;USR-1352;29;Standard;2;160;180;Card;Minecraft;5.0;1
SESS-10874;2026-08-30 16:54:00;USR-1656;35;Standard;3;150;300;Card;CS2;4.5;0
SESS-12297;2026-08-06 06:00:00;USR-1524;29;Bootcamp;1;0;150;Card;Minecraft;4.0;0
SESS-12643;2026-08-29 21:58:00;USR-1083;16;Bootcamp;2;650;300;App;Minecraft;4.5;0
SESS-16536;2026-08-15 13:55:00;USR-1033;20;VIP;4;0;800;Card;Valorant;5.0;0
SESS-10840;2026-08-17 07:00:00;USR-1758;23;Standard;5;0;500;Card;CS2;5.0;0
SESS-10581;2026-08-18 15:45:00;USR-1052;15;Bootcamp;1;0;150;App;Valorant;;0
SESS-10204;2026-08-02 00:35:00;USR-1381;22;Standard;3;360;300;Card;Deadlock;4.0;0
SESS-11641;2026-08-25 20:58:00;USR-1785;26;Standard;3;0;300;Card;Dota 2;3.0;0
SESS-12014;2026-08-20 17:56:00;USR-1104;26;VIP;1;330;180;App;Dota 2;1.0;1
SESS-13253;2026-08-04 11:41:00;USR-1537;16;Bootcamp;2;500;270;Card;Valorant;4.5;1
SESS-14647;2026-08-16 11:41:00;USR-1560;14;VIP;4;0;800;Card;Minecraft;5.0;0
SESS-10905;2026-08-14 18:49:00;USR-1606;21;PS5;4;0;900;App;CS2;3.0;1
SESS-10631;2026-08-09 09:18:00;USR-1273;14;PS5;8;0;2000;Card;GTA V;5.0;0
SESS-15339;2026-08-10 06:43:00;USR-1164;14;Standard;4;0;400;Card;Minecraft;4.5;0
SESS-14828;2026-08-27 20:10:00;USR-1335;21;Standard;12;960;1200;App;Dota 2;5.0;0
SESS-11974;2026-08-10 17:51:00;USR-1144;14;Standard;3;0;300;Card;CS2;4.5;0
SESS-10162;2026-08-24 15:47:00;USR-1439;16;VIP;4;0;800;Card;CS2;3.0;0
SESS-15140;2026-08-09 06:32:00;USR-1616;26;Bootcamp;2;0;300;Card;CS2;2.0;0
SESS-16778;2026-08-24 11:26:00;USR-1218;16;Bootcamp;5;0;675;Card;CS2;4.5;1
SESS-14789;2026-08-19 19:08:00;USR-1568;21;Standard;1;120;100;Cash;CS2;4.0;0
SESS-10875;2026-08-07 20:59:00;USR-1589;19;Standard;2;240;180;Cash;Deadlock;5.0;1
SESS-11431;2026-08-12 17:12:00;USR-1441;21;PS5;3;150;675;App;CS2;3.0;1
SESS-16352;2026-08-22 17:51:00;USR-1192;38;Standard;3;0;300;Card;Dota 2;5.0;0
SESS-14700;2026-08-11 08:27:00;USR-1210;21;VIP;2;200;400;App;CS2;5.0;0
SESS-14786;2026-08-23 00:37:00;USR-1478;25;Standard;3;360;300;Card;Dota 2;4.0;0
SESS-12856;2026-08-26 21:30:00;USR-1412;34;VIP;3;0;600;App;Apex Legends;4.0;0
SESS-11861;2026-08-21 17:53:00;USR-1703;20;Standard;1;120;100;Cash;Valorant;3.0;0
SESS-12659;2026-08-12 07:06:00;USR-1757;21;Bootcamp;1;450;150;App;Dota 2;3.0;0
SESS-13384;2026-08-09 05:21:00;USR-1558;14;PS5;2;160;500;Card;CS2;4.5;0
SESS-16926;2026-08-21 06:14:00;USR-1500;26;Standard;1;80;100;App;CS2;5.0;0
SESS-14981;08/21/26;USR-1637;27;Standard;2;160;200;Card;Dota 2;4.5;0
SESS-13331;2026-08-14 04:56:00;USR-1297;29;PS5;3;600;675;Card;CS2;4.0;1
SESS-16452;2026-08-12 00:59:00;USR-1559;18;Bootcamp;5;0;750;Card;PUBG;5.0;0
SESS-17245;2026-08-21 10:14:00;USR-1620;16;VIP;2;340;400;Cash;Minecraft;5.0;0
;2026-08-26 13:06:00;;16;Standard;3;0;270;Card;Dota 2;4.5;1
SESS-12096;2026-08-13 22:58:00;USR-1741;25;Standard;2;0;180;App;Deadlock;4.5;1
SESS-12003;2026-08-23 12:51:00;USR-1176;140;PS5;-2;360;750;Card;Valorant;5.0;0
SESS-10546;2026-08-25 14:51:00;USR-1034;16;Standard;2;0;200;Card;CS2;3.0;0
SESS-11449;2026-08-18 23:59:00;USR-1759;20;Bootcamp;8;1060;1200;Card;CS2;5.0;0
SESS-15216;2026-08-07 02:03:00;USR-1636;16;Standard;3;0;300;App;CS2;2.0;0
SESS-12610;2026-08-19 06:39:00;USR-1417;19;VIP;3;610;600;Card;Valorant;4.5;0
SESS-11900;2026-08-14 02:47:00;USR-1358;16;;Bootcamp;3;0;Cash;Deadlock;4.5;0
SESS-15940;2026-08-10 09:22:00;USR-1433;22;Standard;4;320;400;Card;Valorant;4.0;0
SESS-12757;2026-08-04 06:30:00;USR-1590;21;Standard;8;0;720;App;Valorant;1.0;1
SESS-11885;2026-08-22 09:26:00;USR-1411;16;Standard;2;400;200;Card;Valorant;3.0;0
SESS-17293;2026-08-16 18:34:00;USR-1401;140;Standard;999;0;200;Card;GTA V;4.5;0
SESS-12097;2026-08-07 22:19:00;USR-1071;14;Standard;4;0;400;Card;PUBG;5.0;0
SESS-16564;2026-08-08 23:23:00;USR-1044;17;Bootcamp;4;0;600;Card;Dota 2;5.0;0
SESS-16777;2026-08-10 07:25:00;USR-1744;33;VIP;3;0;540;Card;PUBG;3.0;1
SESS-10836;2026-08-14 19:33:00;USR-1102;3;Standard;999;0;100;Card;PUBG;5.0;0
SESS-13471;2026-08-31 05:01:00;USR-1660;18;Bootcamp;1;0;150;App;CS2;4.0;0
SESS-15998;2026-08-19 03:10:00;USR-1562;24;Standard;5;600;450;Cash;CS2;5.0;1
SESS-12171;2026-08-07 08:21:00;USR-1676;14;VIP;2;350;400;Card;CS2;5.0;0
SESS-16483;2026-08-27 22:44:00;USR-1035;17;VIP;2;0;400;Card;Valorant;4.0;0
SESS-16422;2026-08-05 15:08:00;USR-1232;18;Standard;1;0;100;Card;Apex Legends;4.5;0
SESS-10398;2026-08-03 20:25:00;USR-1547;23;Standard;2;400;200;Card;Valorant;4.0;0
SESS-12010;2026-08-14 07:25:00;USR-1130;19;Standard;3;0;270;App;Dota 2;5.0;1
SESS-17248;2026-08-29 22:18:00;USR-1441;21;Standard;1;0;100;Card;Minecraft;4.0;0
SESS-11283;2026-08-25 06:06:00;USR-1778;17;Standard;4;200;400;Card;GTA V;4.5;0
SESS-16812;2026-08-15 04:01:00;USR-1282;28;PS5;4;0;1000;Card;Dota 2;4.0;0
SESS-14690;2026-08-15 03:17:00;USR-1277;15;Standard;3;0;270;Cash;PUBG;4.5;1
SESS-14256;2026-08-26 22:50:00;USR-1641;34;Bootcamp;5;650;675;Cash;Browser/Work;4.5;1
SESS-11836;2026-08-21 21:43:00;USR-1539;24;Standard;4;800;400;App;Dota 2;4.5;0
SESS-11019;2026-08-05 10:48:00;USR-1373;16;;Standard;3;240;Card;Minecraft;2.0;0
SESS-11326;2026-08-30 03:01:00;USR-1188;26;Standard;8;400;800;Card;Dota 2;3.0;0
SESS-14664;2026-08-11 06:22:00;USR-1011;39;VIP ;3;0;450;Card;Apex Legends;3.0;0
SESS-10475;2026-08-04 06:18:00;USR-1383;18;Standard;3;150;300;App;Dota 2;3.0;0
SESS-12810;2026-08-06 11:09:00;USR-1533;26;VIP;2;0;400;Card;CS2;3.0;0
SESS-15656;2026-08-06 23:16:00;USR-1637;27;Standard;8;400;800;Card;CS2;4.5;0
SESS-11651;2026-08-19 21:33:00;USR-1069;16;Standard;2 ч.;100;200;Cash;CS2;5.0;0
SESS-17001;2026-08-18 10:27:00;USR-1165;14;Standard;12;600;1200;Card;CS2;5.0;0
SESS-16447;2026-08-03 02:58:00;USR-1124;23;Standard;8;0;800;Card;Dota 2;4.5;0
SESS-12528;2026-08-16 20:18:00;USR-1198;20;Standard;3;0;300;Card;Valorant;4.0;0
SESS-11206;2026-08-27 00:50:00;USR-1371;16;Standard;1;50;100;Card;CS2;4.0;0
SESS-17132;2026-08-27 05:12:00;USR-1728;17;Standard;2;0;180;App;Dota 2;4.5;1
SESS-16101;2026-08-26 10:59:00;USR-1517;24;PS5;2;0;500;App;Valorant;4.0;0
SESS-14745;2026-08-07 23:17:00;USR-1454;18;Standard;2;0;200;Card;CS2;4.5;0
SESS-10867;2026-08-13 23:28:00;USR-1035;17;PS5;3;0;750;App;GTA V;4.5;0
SESS-12974;2026-08-16 08:46:00;USR-1684;29;VIP;3;610;600;Card;Dota 2;3.0;0
SESS-10541;2026-08-18 06:12:00;USR-1528;24;Standard;1;120;90;Card;Minecraft;5.0;1
SESS-11132;2026-08-25 09:44:00;USR-1212;20;Standard;3;0;300;App;Valorant;4.0;0
SESS-17311;2026-08-14 02:03:00;USR-1439;16;Standard;2;160;200;Card;Dota 2;4.5;0
SESS-15945;2026-08-06 12:18:00;USR-1430;19;Standard;5;600;500;Cash;Dota 2;5.0;0
SESS-13390;2026-08-06 00:51:00;USR-1783;14;Standard;3;240;300;Card;Valorant;3.0;0
SESS-15412;2026-08-18 03:16:00;USR-1526;15;Bootcamp;2;0;300;Card;CS2;4.0;0
SESS-12962;2026-08-02 14:19:00;USR-1363;26;PS5;5;250;1250;Card;CS2;5.0;0
SESS-14155;2026-08-05 23:08:00;USR-1441;21;VIP;5;850;1000;Cash;GTA V;4.5;0
SESS-13259;2026-08-28 02:08:00;USR-1161;19;Bootcamp;1;370;135;Card;Dota 2;5.0;1
SESS-16442;2026-08-05 04:00:00;USR-1101;18;VIP;3;0;540;Card;Dota 2;3.0;1
SESS-11701;2026-08-31 12:20:00;USR-1295;30;Standard;2;0;200;Card;Dota 2;3.0;0
SESS-12583;2026-08-18 15:57:00;USR-1259;21;Standard;3;600;270;Card;GTA V;5.0;1
SESS-12813;2026-08-09 09:39:00;USR-1024;17;Standard;2;0;200;App;Valorant;4.0;0
SESS-13217;2026-08-17 18:47:00;USR-1226;38;Bootcamp;1;300;135;App;Dota 2;4.0;1
SESS-16537;2026-08-12 07:15:00;USR-1302;16;Standard;3;150;300;Card;Minecraft;3.0;0
SESS-15780;2026-08-30 11:39:00;USR-1184;23;Standard;4;0;400;Card;Cyberpunk 2077;4.0;0
SESS-13586;2026-08-06 15:14:00;USR-1069;16;Bootcamp;3;0;405;Card;CS2;4.0;1
SESS-16480;2026-08-22 07:15:00;USR-1655;21;Standard;3;360;300;Card;CS2;4.0;0
SESS-14928;2026-08-03 01:57:00;USR-1452;14;PS5;3;0;750;App;PUBG;3.0;0
SESS-16419;2026-08-23 13:43:00;USR-1307;14;VIP;5;0;1000;Card;CS2;4.0;0
SESS-12630;2026-08-17 17:09:00;USR-1340;3;Bootcamp;-2;0;150;Card;Dota 2;2.0;0
SESS-16040;2026-08-15 16:34:00;USR-1273;14;Bootcamp;2;0;270;App;Dota 2;4.0;1
SESS-15973;2026-08-23 23:49:00;USR-1506;17;Standard;2;400;180;Card;GTA V;4.5;1
SESS-11080;2026-08-14 11:21:00;USR-1740;14;VIP;1;0;180;;Dota 2;5.0;1
SESS-14283;2026-08-20 07:49:00;USR-1754;20;Standard;2;160;200;Card;Valorant;4.0;0
SESS-12085;2026-08-17 03:57:00;USR-1542;23;VIP;2;0;400;Card;Dota 2;5.0;0
SESS-12452;2026-08-25 09:34:00;USR-1012;34;Standard;1;0;100;Card;CS2;5.0;0
SESS-12023;2026-08-13 21:54:00;USR-1067;23;VIP;1;0;200;App;Valorant;4.0;0
SESS-15790;2026-08-10 04:28:00;USR-1225;26;Bootcamp;2;350;300;Card;Dota 2;5.0;0
SESS-10226;2026-08-01 04:53:00;USR-1060;18;Bootcamp;8;0;1200;Cash;Minecraft;5.0;0
SESS-11013;2026-08-10 07:32:00;USR-1194;14;Standard;4;320;360;Card;Valorant;1.0;1
SESS-11929;2026-08-15 15:57:00;USR-1475;26;Bootcamp;3;0;450;App;Dota 2;4.0;0
SESS-15309;2026-08-01 09:49:00;USR-1645;15;Standard;2;0;200;Card;CS2;5.0;0
SESS-11404;2026-08-07 07:16:00;USR-1580;23;Bootcamp;3;490;450;Card;CS2;4.0;0
SESS-12179;2026-08-03 06:24:00;USR-1677;25;Standard;2;0;200;Cash;CS2;4.5;0
SESS-10697;2026-08-01 03:53:00;USR-1254;22;Standard;2;0;200;Card;Valorant;5.0;0
SESS-11124;2026-08-31 08:39:00;USR-1105;19;PS5;1;80;250;Card;Dota 2;4.5;0
SESS-13895;2026-08-18 11:54:00;USR-1365;24;Standard;~1;0;100;Card;Valorant;5.0;0
SESS-11778;2026-08-28 04:09:00;USR-1090;27;Bootcamp;2;200;300;Card;Dota 2;4.5;0
SESS-16679;2026-08-15 20:21:00;USR-1197;24;Standard;8;0;720;Card;Dota 2;4.0;1
SESS-12634;2026-08-16 16:12:00;USR-1616;26;Standard;3;0;300;App;Valorant;4.0;0
SESS-13489;2026-08-25 06:48:00;USR-1013;22;Bootcamp;2;410;300;App;CS2;4.0;0
SESS-11037;2026-08-03 08:37:00;USR-1146;22;Bootcamp;8;1210;1200;Cash;Dota 2;4.5;0
SESS-12256;2026-08-28 06:38:00;USR-1466;31;Bootcamp;2;0;300;Card;Valorant;4.0;0
SESS-15040;2026-08-24 21:26:00;USR-1288;16;Standard;3;240;300;Card;CS2;4.5;0
SESS-16421;2026-08-03 01:08:00;USR-1766;33;Standard;2;0;180;Card;Dota 2;5.0;1
SESS-10313;2026-08-23 02:45:00;USR-1742;22;VIP;2;0;400;Card;Valorant;4.5;0
SESS-12649;2026-08-14 20:58:00;USR-1378;21;Standard;2;400;200;Card;Dota 2;5.0;0
SESS-12281;2026-08-12 04:06:00;USR-1749;14;Bootcamp;1;0;150;Card;Valorant;4.0;0
SESS-15394;2026-08-12 05:43:00;USR-1356;16;Standard;2;0;180;App;Valorant;4.0;1
SESS-12547;2026-08-29 21:09:00;USR-1606;21;VIP;12;850;2400;Card;Apex Legends;3.0;0
SESS-12159;2026-08-11 13:43:00;USR-1752;24;Bootcamp;3;460;450;App;CS2;5.0;0
SESS-13137;2026-08-22 06:41:00;USR-1449;17;PS5;3;240;750 ₽;Cash;Dota 2;4.0;0
SESS-16551;2026-08-23 13:57:00;USR-1189;18;Bootcamp;5;0;750;Card;Valorant;4.5;0
SESS-13967;2026-08-10 15:42:00;USR-1099;21;VIP;1;330;200;Card;Dota 2;5.0;0
SESS-11428;2026-08-13 06:08:00;USR-1253;20;Standard;8;0;800;App;CS2;4.0;0
SESS-16404;2026-08-29 17:10:00;USR-1425;22;VIP;1;150;180;Card;Minecraft;4.5;1
SESS-12520;2026-08-20 14:37:00;USR-1384;19;VIP;3;0;600;App;Apex Legends;5.0;0
SESS-14836;2026-08-20 12:00:00;USR-1428;16;VIP;1;300;200;App;CS2;4.5;0
SESS-16276;2026-08-24 05:12:00;USR-1088;22;Bootcamp;5;0;750;Card;CS2;4.0;0
SESS-10448;2026-08-15 07:39:00;USR-1149;17;PS5;2;400;500;Card;Dota 2;5.0;0
SESS-14032;2026-08-29 11:34:00;USR-1363;26;Bootcamp;3;700;405;App;CS2;5.0;1
SESS-11284;2026-08-13 06:10:00;USR-1787;17;Standard;3;0;300;App;Apex Legends;4.0;0
SESS-13727;2026-08-13 03:26:00;USR-1526;15;PS5;5;0;1250;Card;CS2;4.5;0
SESS-10361;2026-08-18 10:01:00;USR-1747;25;Standard;1;200;100;App;Deadlock;5.0;0
SESS-16076;2026-08-27 00:14:00;USR-1313;23;VIP;2;500;360;Card;CS2;4.5;1
SESS-16010;2026-08-13 04:44:00;USR-1682;17;VIP;3;0;540;Cash;CS2;2.0;1
SESS-12460;2026-08-10 09:27:00;USR-1677;25;Standard;3;360;300;Card;Minecraft;4.0;0
SESS-10022;2026-08-02 11:03:00;USR-1747;25;Bootcamp;3;0;450;Card;Apex Legends;5.0;0
SESS-12066;2026-08-16 09:19:00;USR-1364;14;PS5;5;400;1250;Card;CS2;4.0;0
SESS-11653;2026-08-01 01:46:00;USR-1386;21;Standard;1;0;100;Cash;CS2;4.0;0
SESS-10702;2026-08-13 15:17:00;USR-1689;27;VIP;1;370;200;Card;Minecraft;4.0;0
SESS-16561;2026-08-05 09:53:00;USR-1232;18;Standard;8;960;800;Card;Valorant;4.5;0
SESS-12743;2026-08-30 06:46:00;USR-1784;14;VIP;3;0;600;App;CS2;5.0;0
SESS-11376;2026-08-22 03:45:00;USR-1540;26;Standard;3;360;300;Card;CS2;4.0;0
SESS-16130;2026-08-04 04:56:00;USR-1634;28;Standard;1;80;100;Card;Dota 2;5.0;0
SESS-12468;2026-08-06 11:56:00;USR-1334;24;Standard;2;400;200;Card;Dota 2;4.0;0
SESS-13754;2026-08-09 11:19:00;USR-1797;35;VIP;2;500;400;Card;Valorant;3.0;0
SESS-12325;2026-08-23 14:17:00;USR-1083;16;Standard;2;0;200;Cash;Dota 2;4.0;0
SESS-10460;2026-08-05 23:26:00;USR-1482;15;VIP;8;740;1600;Card;Dota 2;3.0;0
SESS-14183;2026-08-13 16:57:00;USR-1600;20;VIP;2;0;360;App;CS2;4.0;1
SESS-14082;2026-08-25 05:07:00;USR-1159;24;Standard;2;0;200;Card;Valorant;5.0;0
SESS-11486;2026-08-17 12:05:00;USR-1096;28;Standard;2;240;180;Card;CS2;5.0;1
SESS-13678;2026-08-14 01:53:00;USR-1417;19;VIP;2;0;400;Card;CS2;5.0;0
SESS-10282;2026-08-11 20:46:00;USR-1159;140;Standard;-2;0;200;Card;Dota 2;4.0;0
SESS-14558;2026-08-26 00:27:00;USR-1532;27;Bootcamp;5;0;750;Cash;PUBG;4.5;0
SESS-14308;2026-08-16 04:21:00;USR-1507;22;VIP;2;0;360;Card;CS2;3.0;1
SESS-13537;2026-08-05 21:07:00;USR-1582;19;Standard;1;120;100;Card;PUBG;5.0;0
SESS-15684;2026-08-02 21:55:00;USR-1551;15;Standard;3;360;300;Card;Valorant;5.0;0
SESS-12581;2026-08-18 23:02:00;USR-1697;36;Standard;4;0;400;Card;Dota 2;2.0;0
SESS-11368;2026-08-19 07:56:00;USR-1574;20;Bootcamp;1;330;150;Card;Dota 2;4.5;0
SESS-16804;2026-08-19 05:16:00;USR-1471;21;Standard;3;150;300;App;CS2;1.0;0
SESS-15054;2026-08-27 09:07:00;USR-1382;33;Standard;3;0;270;Card;GTA V;;1
SESS-10597;2026-08-27 18:36:00;USR-1093;17;VIP;12;2650;2160;Card;CS2;4.0;1
SESS-14351;2026-08-11 09:12:00;USR-1584;14;Standard;2;0;200 ₽;Card;Minecraft;5.0;0
SESS-16126;2026-08-02 09:38:00;USR-1218;16;VIP;3;0;600;Card;Dota 2;4.5;0
SESS-14758;2026-08-10 15:32:00;USR-1212;20;PS5;3;150;750;Cash;CS2;1.0;0
SESS-12183;2026-08-02 23:53:00;USR-1103;20;Standard;1;0;100;Card;CS2;3.0;0
SESS-17107;2026-08-22 05:26:00;USR-1047;32;Bootcamp;3;610;450;Card;Valorant;4.5;0
SESS-12664;2026-08-26 03:21:00;USR-1622;23;Standard;2;0;200;Card;CS2;4.0;0
SESS-13468;2026-08-07 21:24:00;USR-1222;17;Bootcamp;3;340;450;Card;Minecraft;4.5;0
SESS-16626;2026-08-01 05:05:00;USR-1055;24;PS5;3;0;750;Card;Dota 2;4.0;0
SESS-12990;2026-08-24 01:26:00;USR-1302;16;Standard;1;120;100;Card;Dota 2;3.0;0
SESS-16711;2026-08-09 21:42:00;USR-1114;23;Standard;2;0;200;Card;Valorant;4.0;0
SESS-12544;2026-08-04 15:02:00;USR-1507;22;Standard;4;200;400;Cash;PUBG;4.0;0
SESS-17070;2026-08-27 04:38:00;USR-1638;22;Standard;1;0;100;App;Dota 2;5.0;0
SESS-15515;2026-08-15 02:47:00;USR-1624;18;Standard;2;240;180;Card;Minecraft;4.5;1
SESS-14066;2026-08-26 13:48:00;USR-1433;22;Bootcamp;3;0;405;Cash;Dota 2;4.5;1
SESS-13988;2026-08-01 02:34:00;USR-1544;19;Bootcamp;1;0;150;Card;Deadlock;4.5;0
SESS-17289;2026-08-03 12:51:00;USR-1431;26;Standard;8;0;720;Card;Dota 2;4.0;1
SESS-10685;2026-08-19 20:53:00;USR-1084;23;PS5;3;600;750;Card;Minecraft;4.0;0
SESS-14800;2026-08-06 02:12:00;USR-1527;17;Bootcamp;3;0;405;Card;Dota 2;5.0;1
SESS-13243;2026-08-15 16:53:00;USR-1097;19;Standard;4;0;360;Card;Valorant;4.0;1
SESS-15833;2026-08-16 11:02:00;USR-1071;14;VIP;2;260;400;Card;Minecraft;4.0;0
SESS-14083;2026-08-26 04:13:00;USR-1685;23;PS5;4;0;1000;Card;Valorant;2.0;0
SESS-12837;2026-08-30 18:50:00;USR-1170;14;Standard;2;0;200;Card;CS2;4.5;0
SESS-13697;2026-08-08 15:00:00;USR-1077;18;Standard;2;0;200;Card;CS2;4.0;0
SESS-17048;2026-08-16 18:40:00;USR-1722;20;Standard;8;0;800;Card;Dota 2;4.0;0
SESS-14040;2026-08-31 09:25:00;USR-1441;21;Standard;3;600;300;Card;Apex Legends;4.5;0
SESS-12230;2026-08-07 18:05:00;USR-1199;26;PS5;2;0;500;Card;CS2;4.0;0
SESS-14771;2026-08-03 10:39:00;USR-1638;22;VIP;8;0;1600;Cash;Apex Legends;2.0;0
SESS-12320;2026-08-21 07:44:00;USR-1779;30;Standard;1;0;100;Card;Deadlock;5.0;0
SESS-10521;2026-08-19 08:29:00;USR-1414;17;Standard;2;160;200;Card;Cyberpunk 2077;3.0;0
SESS-10522;25.08.2026;USR-1529;16;Standard;2;0;200;Cash;Dota 2;4.5;0
SESS-15885;2026-08-31 15:27:00;USR-1654;25;Standard;2;160;200;Card;CS2;4.5;0
SESS-16997;2026-08-21 11:45:00;USR-1297;29;Standard;8;960;720;App;Dota 2;4.0;1
SESS-16067;2026-08-14 18:31:00;USR-1296;17;PS5;5;0;1250;Card;CS2;3.0;0
SESS-17285;2026-08-01 02:34:00;USR-1300;21;Standard;3;150;300;App;CS2;4.5;0
SESS-10780;2026-08-21 13:49:00;USR-1562;24;VIP;3;0;600;Cash;CS2;5.0;0
SESS-15896;2026-08-02 08:52:00;USR-1075;14;Standard;1;120;100;Cash;CS2;5.0;0
SESS-15100;2026-08-05 18:28:00;USR-1700;17;PS5;3;360;750;App;Dota 2;5.0;0
SESS-10651;2026-08-21 19:27:00;USR-1699;29;Standard;3;360;300;App;PUBG;5.0;0
;2026-08-03 17:43:00;;18;Standard;2;0;200;Card;Dota 2;5.0;0
SESS-12196;2026-08-11 04:11:00;USR-1726;29;Standard;2;0;180;App;PUBG;3.0;1
SESS-10369;2026-08-01 05:16:00;USR-1718;29;Standard;2;0;200;Card;Valorant;5.0;0
SESS-14938;2026-08-06 10:17:00;USR-1085;38;Bootcamp;1;0;150;App;Dota 2;5.0;0
SESS-14214;2026-08-09 12:28:00;USR-1508;37;PS5;2;0;500;Card;Minecraft;4.0;0
SESS-10377;2026-08-19 06:05:00;USR-1503;19;Bootcamp;8;1700;1200;App;Dota 2;4.0;0
SESS-15852;2026-08-21 13:44:00;USR-1299;21;VIP;8;0;1600;Card;Valorant;4.5;0
SESS-12216;2026-08-29 22:59:00;USR-1055;24;Standard;1;50;100;Card;Dota 2;3.0;0
SESS-15736;2026-08-27 10:09:00;USR-1395;36;Standard;3;240;300;Card;CS2;4.5;0
SESS-11613;2026-08-28 16:09:00;USR-1394;24;PS5;2;0;500;Card;Dota 2;5.0;0
SESS-16771;2026-08-14 00:10:00;USR-1076;16;Standard;3;0;300;App;Minecraft;;0
SESS-13632;2026-08-20 22:21:00;USR-1581;18;VIP;5;0;1000;Card;PUBG;4.0;0
SESS-10962;2026-08-25 08:04:00;USR-1056;20;Standard;1;0;100;Card;CS2;2.0;0
SESS-16790;2026-08-06 21:17:00;USR-1101;18;PS5;2;0;500;Cash;Valorant;3.0;0
SESS-17078;2026-08-31 10:15:00;USR-1304;22;Standard;1;0;100;Card;Valorant;5.0;0
SESS-16275;2026-08-18 18:03:00;USR-1020;18;PS5;2;0;500;Card;PUBG;4.0;0
SESS-10359;2026-08-06 09:55:00;USR-1484;24;VIP;1;450;200;Cash;Dota 2;1.0;0
SESS-13839;2026-08-22 21:10:00;USR-1314;21;Bootcamp;3;0;450;Card;CS2;3.0;0
SESS-15037;2026-08-13 23:16:00;USR-1528;24;Standard;1;0;100;;PUBG;4.0;0
SESS-11246;2026-08-20 12:07:00;USR-1232;18;Standard;4;0;400;App;Valorant;4.0;0
SESS-15251;2026-08-03 13:31:00;USR-1199;26;Standard;2;160;180;Card;Dota 2;;1
SESS-13694;2026-08-24 21:54:00;USR-1596;18;Standard;12;0;1080;Card;Dota 2;4.5;1
SESS-16369;2026-08-11 20:41:00;USR-1615;22;Standard;2;400;200;Cash;Valorant;3.0;0
SESS-12567;2026-08-15 08:16:00;USR-1149;17;Bootcamp;2;0;300;Card;Minecraft;5.0;0
SESS-13423;2026-08-20 09:55:00;USR-1716;24;VIP;2;0;400;Card;PUBG;5.0;0
SESS-12037;2026-08-28 13:59:00;USR-1652;27;Standard;1;200;100;Card;CS2;4.0;0
SESS-10772;2026-08-07 12:29:00;USR-1193;19;PS5;2;0;450;Card;Apex Legends;5.0;1
SESS-17061;2026-08-28 12:37:00;USR-1067;23;Bootcamp;2;0;300;Card;Valorant;3.0;0
SESS-13562;2026-08-02 23:20:00;USR-1197;24;Standard;5;0;500;Card;Dota 2;4.5;0
SESS-17138;2026-08-03 20:41:00;USR-1629;22;VIP;1;330;200;Card;Dota 2;5.0;0
SESS-17257;2026-08-28 22:20:00;USR-1362;17;Standard;8;640;800;App;Minecraft;5.0;0
SESS-14983;2026-08-11 12:50:00;USR-1393;35;VIP;2;0;400;Cash;Dota 2;4.5;0
SESS-14531;2026-08-03 02:37:00;USR-1698;15;Standard;3;0;270;App;CS2;4.5;1
SESS-11674;2026-08-10 00:53:00;USR-1247;22;Standard;2;240;180;Card;CS2;5.0;1
SESS-10365;2026-08-14 01:57:00;USR-1222;17;Standard;4;480;360;App;CS2;4.0;1
SESS-16138;2026-08-03 04:24:00;USR-1690;24;VIP;2;260;360;Cash;Apex Legends;5.0;1
SESS-14870;2026-08-10 15:02:00;USR-1469;24;Standard;2;0;180;App;GTA V;4.5;1
SESS-14327;2026-08-15 23:08:00;USR-1080;29;Standard;1;0;100;App;PUBG;4.0;0
SESS-10147;2026-08-19 03:39:00;USR-1655;21;Standard;2;0;200;Card;Valorant;4.5;0
SESS-16631;2026-08-11 15:22:00;USR-1061;16;VIP;1;300;180;Card;Valorant;4.0;1
SESS-13088;2026-08-21 06:09:00;USR-1476;16;Standard;3;150;300;Card;Valorant;4.5;0
SESS-16317;2026-08-16 06:03:00;USR-1418;16;Standard;1;80;100;Card;Valorant;5.0;0
SESS-10407;2026-08-28 08:18:00;USR-1693;31;Standard;2;0;200;Card;Minecraft;5.0;0
SESS-17011;2026-08-08 21:22:00;USR-1639;21;VIP;2;0;360;Card;CS2;5.0;1
SESS-13456;2026-08-21 21:09:00;USR-1511;22;Standard;2;400;200;App;CS2;5.0;0
SESS-14182;2026-08-12 07:24:00;USR-1056;20;Standard;12;0;1200;Card;Apex Legends;4.0;0
SESS-13576;2026-08-27 05:37:00;USR-1008;16;Bootcamp;2;0;300;Card;Dota 2;5.0;0
SESS-13271;2026-08-08 08:56:00;USR-1264;20;Standard;3;360;300;Card;Apex Legends;4.0;0
SESS-11031;2026-08-03 03:49:00;USR-1177;22;Bootcamp;12;1060;1800;Cash;CS2;3.0;0
SESS-14932;2026-08-14 13:02:00;USR-1171;39;PS5;1;200;250;Card;Minecraft;5.0;0
SESS-10855;2026-08-20 02:55:00;USR-1298;18;Standard;2;240;200;Card;Dota 2;5.0;0
SESS-13926;2026-08-22 20:19:00;USR-1777;23;Bootcamp;1 ч.;370;150;Card;Dota 2;3.0;0
SESS-10078;2026-08-14 21:12:00;USR-1257;26;Bootcamp;2;0;300;App;Valorant;5.0;0
SESS-12247;2026-08-06 05:42:00;USR-1665;23;Bootcamp;3;0;4О5;Card;Valorant;5.0;1
SESS-15577;2026-08-05 19:10:00;USR-1041;26;Bootcamp;4;0;600;Card;Dota 2;5.0;0
SESS-16889;2026-08-03 13:04:00;USR-1312;25;PS5;1;200;250;Cash;PUBG;4.5;0
SESS-16937;2026-08-11 16:00:00;USR-1673;16;VIP;2;200;360;Card;Dota 2;3.0;1
SESS-15831;2026-08-31 23:20:00;USR-1334;24;Standard;2;400;200;Card;Deadlock;5.0;0
SESS-15302;2026-08-26 07:16:00;USR-1155;16;Standard;8;0;800;App;Deadlock;4.5;0
SESS-10788;2026-08-02 07:27:00;USR-1557;18;Standard;1;0;100;Cash;Dota 2;3.0;0
SESS-12279;2026-08-23 17:45:00;USR-1543;24;Standard;1;0;100;Cash;Valorant;4.0;0
SESS-14095;2026-08-29 02:55:00;USR-1642;19;VIP;2;410;400;Cash;PUBG;4.5;0
SESS-13897;2026-08-10 23:16:00;USR-1187;23;Standard;2;400;200;Card;PUBG;5.0;0
SESS-14905;2026-08-04 20:48:00;USR-1477;21;VIP;1;330;200;Card;Minecraft;4.5;0
SESS-12149;2026-08-26 23:22:00;USR-1405;23;Bootcamp;4;0;600;Card;CS2;5.0;0
SESS-13631;2026-08-01 19:29:00;USR-1666;16;Standard;3;240;300;Cash;Dota 2;4.0;0
SESS-15639;2026-08-02 09:29:00;USR-1079;21;Standard;2;0;200;Card;Dota 2;4.5;0
SESS-10424;2026-08-27 22:26:00;USR-1219;20;Standard;4;0;400;Card;CS2;5.0;0
SESS-10392;2026-08-27 13:46:00;USR-1019;22;Standard;8;400;800;Cash;Dota 2;4.0;0
SESS-16395;2026-08-11 16:25:00;USR-1126;33;VIP;3;340;600;App;Minecraft;4.5;0
SESS-17120;2026-08-26 00:04:00;USR-1004;31;Standard;3;0;300;Card;CS2;4.5;0
SESS-14200;2026-08-09 17:08:00;USR-1308;15;Bootcamp;12;2650;1800;App;CS2;4.0;0
SESS-12672;2026-08-26 08:45:00;USR-1714;18;Bootcamp;3;0;450;Card;Valorant;3.0;0
SESS-16900;2026-08-07 14:54:00;USR-1488;16;Bootcamp;2;0;300;Card;Dota 2;4.0;0
SESS-15087;2026-08-08 03:49:00;USR-1600;20;Bootcamp;8;0;1200;Cash;CS2;5.0;0
SESS-13493;2026-08-12 17:58:00;USR-1780;22;Standard;3;600;300;App;Cyberpunk 2077;4.0;0
SESS-11459;2026-08-18 15:26:00;USR-1194;14;Standard;1;0;100;Card;Dota 2;4.0;0
SESS-15432;2026-08-18 18:53:00;USR-1221;22;Standard;3;360;300;App;Dota 2;4.5;0
SESS-15635;2026-08-31 22:17:00;USR-1245;19;Bootcamp;2;490;300;App;Valorant;4.5;0
SESS-16978;2026-08-26 09:39:00;USR-1230;17;VIP;3;0;540;Card;CS2;4.5;1
SESS-13835;2026-08-26 02:49:00;USR-1026;23;VIP;3;850;600 ₽;Card;Valorant;4.5;0
SESS-16592;2026-08-06 11:36:00;USR-1439;16;Standard;2;0;200;Card;Dota 2;5.0;0
SESS-15834;2026-08-27 10:13:00;USR-1206;15;Standard;8;960;800;Card;Minecraft;4.0;0
SESS-17180;2026-08-05 04:23:00;USR-1259;21;Bootcamp;12;0;1620;Card;CS2;4.5;1
SESS-14724;2026-08-20 07:18:00;USR-1296;17;VIP;4;0;800;Card;Minecraft;4.0;0
SESS-15850;2026-08-08 04:30:00;USR-1117;17;Standard;4;0;400;App;Dota 2;3.0;0
SESS-12355;2026-08-11 12:55:00;USR-1713;25;VIP;2;260;400;Card;Dota 2;4.5;0
SESS-12929;2026-08-11 14:23:00;USR-1795;20;Bootcamp;3;610;450;Cash;PUBG;4.5;0
SESS-12442;2026-08-22 11:21:00;USR-1054;21;Bootcamp;2;0;300;Card;CS2;4.0;0
SESS-16965;2026-08-22 19:56:00;USR-1532;27;VIP;8;0;1600;Card;Dota 2;4.0;0
SESS-16922;2026-08-15 23:53:00;USR-1475;26;Standard;2;240;200;Card;Valorant;4.5;0
SESS-15863;2026-08-18 19:38:00;USR-1150;27;Standard;4;200;400;App;Valorant;3.0;0
SESS-10464;2026-08-01 19:12:00;USR-1752;24;Bootcamp;2;0;300;Card;Dota 2;4.5;0
SESS-10163;2026-08-21 04:58:00;USR-1752;24;Standard;2;0;200;Card;CS2;3.0;0
SESS-16529;2026-08-13 20:14:00;USR-1345;26;VIP;3;610;600;Card;Minecraft;3.0;0
SESS-16757;2026-08-12 08:21:00;USR-1649;16;Standard;4;0;400;Card;Cyberpunk 2077;4.5;0
SESS-10927;2026-08-29 16:19:00;USR-1015;23;PS5;3;360;750;App;Valorant;2.0;0
SESS-11511;2026-08-31 09:01:00;USR-1192;38;Standard;1;50;100;Card;Dota 2;4.0;0
SESS-12009;2026-08-01 03:06:00;USR-1713;25; Bootcamp ;2;0;400;Card;CS2;5.0;0
SESS-13084;2026-08-01 08:02:00;USR-1223;24;Standard;2;0;180;Card;Dota 2;3.0;1
SESS-10900;2026-08-28 18:26:00;USR-1209;24;Bootcamp;4;0;600;Card;Dota 2;4.5;0
SESS-15900;2026-08-17 01:48:00;USR-1735;14;VIP;3;0;600;Cash;Valorant;1.0;0
SESS-14837;2026-08-25 06:41:00;USR-1691;22;Standard;3;240;300;App;CS2;2.0;0
SESS-12293;2026-08-17 20:19:00;USR-1101;18;Standard;1;50;100;App;CS2;5.0;0
SESS-14481;2026-08-18 08:52:00;USR-1420;14;VIP;1;300;200;Card;CS2;4.0;0
SESS-14605;2026-08-28 18:58:00;USR-1308;15;VIP;2;0;400;Card;Valorant;4.5;0
SESS-13716;2026-08-25 03:09:00;USR-1453;26;VIP;2;0;400;Card;Minecraft;5.0;0
SESS-16259;2026-08-03 17:51:00;USR-1190;26;Standard;12;0;1200;App;CS2;4.0;0
SESS-11764;2026-08-13 20:36:00;USR-1314;21;Standard;1;0;100;Card;Valorant;1.0;0
SESS-11549;2026-08-22 08:17:00;USR-1309;23;;Standard;5;0;Card;Dota 2;3.0;0
SESS-13029;2026-08-25 10:46:00;USR-1661;34;Standard;12;1440;1200;Card;Deadlock;3.0;0
SESS-15689;2026-08-21 11:51:00;USR-1676;14;PS5;4;0;1000;Card;Dota 2;4.0;0
SESS-12044;2026-08-01 04:49:00;USR-1105;19;VIP;4;420;800;App;Minecraft;5.0;0
SESS-10767;2026-08-04 12:11:00;USR-1363;26;Standard;1;0;100;Card;Dota 2;4.5;0
SESS-11508;2026-08-25 16:15:00;USR-1208;14;Bootcamp;12;0;1800;Cash;Valorant;4.0;0
SESS-13995;2026-08-06 00:44:00;USR-1008;16;Standard;1;0;100;App;Cyberpunk 2077;3.0;0
SESS-14517;2026-08-07 10:09:00;USR-1694;18;Bootcamp;1;370;150;Card;Dota 2;4.5;0
SESS-14219;2026-08-04 09:44:00;USR-1250;20;Standard;2;0;200;App;Minecraft;4.0;0
SESS-16268;2026-08-29 15:57:00;USR-1742;22;Standard;4;800;400;App;Dota 2;4.0;0
SESS-17045;2026-08-30 07:08:00;USR-1523;22;Standard;1;120;100;Card;Valorant;4.0;0
SESS-13292;2026-08-04 19:32:00;USR-1050;27;Bootcamp;2;0;300;Card;Dota 2;4.5;0
SESS-10819;2026-08-26 13:15:00;USR-1117;17;VIP;2;0;400;App;CS2;4.5;0
;2026-08-29 04:06:00;;26;Bootcamp;3;700;450;Card;Dota 2;5.0;0
SESS-11382;2026-08-28 17:38:00;USR-1527;17;Standard;1;0;90;Cash;Valorant;2.0;1
SESS-12148;2026-08-07 19:46:00;USR-1731;19;Standard;1;120;100;App;CS2;4.5;0
SESS-11638;2026-08-21 16:41:00;USR-1699;29;VIP;2;0;360;Card;Dota 2;4.5;1
SESS-17255;2026-08-09 05:07:00;USR-1431;26;PS5;1;120;250;App;Valorant;4.0;0
SESS-10399;2026-08-07 00:14:00;USR-1091;20;VIP;1;0;200;Card;Browser/Work;4.0;0
SESS-10882;2026-08-13 20:50:00;USR-1206;15;Standard;1;0;100;Card;Minecraft;5.0;0
SESS-13565;2026-08-06 13:37:00;USR-1442;22;Standard;1;0;100;Card;Cyberpunk 2077;5.0;0
SESS-16740;2026-08-29 19:48:00;USR-1433;22;VIP;8;0;1600;Card;Valorant;4.5;0
SESS-11179;2026-08-19 08:02:00;USR-1346;15;Standard;2;0;200;Card;PUBG;4.5;0
SESS-14244;2026-08-18 14:43:00;USR-1323;20;Standard;12;0;1200;Card;CS2;1.0;0
SESS-17295;2026-08-07 13:10:00;USR-1307;14;Standard;12;960;1200;Card;Valorant;4.5;0
SESS-12130;2026-08-09 01:44:00;USR-1123;14;Standard;1;120;100;Card;Cyberpunk 2077;4.5;0
SESS-10456;2026-08-21 05:16:00;USR-1619;17;Standard;2;0;180;Card;Deadlock;5.0;1
SESS-11950;2026-08-24 15:13:00;USR-1304;22;VIP;12;0;2400;Card;CS2;4.5;0
SESS-10689;2026-08-13 23:28:00;USR-1373;16;Bootcamp;4;580;600;Card;Dota 2;4.0;0
SESS-15957;2026-08-18 13:09:00;USR-1322;36;Standard;5;250;500;App;Dota 2;4.0;0
SESS-17287;2026-08-11 23:31:00;USR-1101;18;Standard;2;0;200;Card;Minecraft;1.0;0
SESS-11953;2026-08-04 11:50:00;USR-1495;16;;Standard;1;50;Card;CS2;5.0;0
SESS-12710;2026-08-12 13:15:00;USR-1177;22;Standard;4;800;400;Card;Valorant;4.0;0
SESS-15589;2026-08-02 04:45:00;USR-1257;26;Bootcamp;3;700;450;App;Valorant;5.0;0
SESS-14349;2026-08-25 09:16:00;USR-1235;25;Bootcamp;2;0;300;Card;CS2;4.0;0
SESS-16549;2026-08-19 21:39:00;USR-1503;19;Standard;2;160;200;Card;CS2;4.5;0
SESS-11884;2026-08-19 09:29:00;USR-1430;19;Bootcamp;2;0;300;Cash;Minecraft;4.5;0
SESS-15673;2026-08-23 03:29:00;USR-1496;21;Bootcamp;4;450;600;Card;Dota 2;5.0;0
SESS-14417;2026-08-03 02:19:00;USR-1366;24;Bootcamp;8;1700;1200;Card;CS2;1.0;0
SESS-12494;08/27/26;USR-1143;21;Standard;2;160;200;Card;Dota 2;4.0;0
SESS-13036;2026-08-09 19:21:00;USR-1050;27;VIP;2;490;400;Card;PUBG;4.5;0
SESS-13603;2026-08-02 11:52:00;USR-1104;26;Standard;2;0;200;Card;Valorant;2.0;0
SESS-10845;2026-08-21 01:13:00;USR-1048;20;Standard;2;0;200;Card;CS2;5.0;0
SESS-10542;2026-08-02 16:48:00;USR-1688;16;Standard;1;0;100;Card;Minecraft;4.0;0
SESS-13724;2026-08-23 03:16:00;USR-1079;21;Standard;3;360;300;Cash;CS2;2.0;0
SESS-14187;2026-08-29 15:07:00;USR-1186;21;VIP;2;200;400;App;CS2;2.0;0
SESS-13679;2026-08-25 06:34:00;USR-1730;25;Standard;4;320;400;Card;Minecraft;5.0;0
SESS-16021;2026-08-16 13:49:00;USR-1198;20;Standard;5;0;500;Card;CS2;5.0;0
SESS-16169;2026-08-01 08:48:00;USR-1350;20;VIP;2;260;400;App;Dota 2;5.0;0
SESS-15170;2026-08-09 18:13:00;USR-1341;16;Standard;12;0;1080;Card;Dota 2;;1
SESS-12964;2026-08-11 01:51:00;USR-1462;18;Standard;1;0;100;Cash;CS2;3.0;0
SESS-12529;2026-08-19 12:00:00;USR-1433;22;Bootcamp;1;450;135;Card;Dota 2;4.5;1
SESS-11048;2026-08-10 09:04:00;USR-1275;24;Bootcamp;2;350;300;Card;CS2;4.0;0
SESS-11960;2026-08-13 06:36:00;USR-1118;14;Standard;2;0;180;Card;Dota 2;3.0;1
SESS-12530;2026-08-14 08:56:00;USR-1727;25;Bootcamp;4;0;600;App;Valorant;4.0;0
SESS-15840;2026-08-26 14:16:00;USR-1242;15;Standard;4;0;400;Card;Deadlock;5.0;0
SESS-10237;2026-08-10 08:01:00;USR-1031;24;Standard;3;0;300;App;Dota 2;4.0;0
SESS-14917;2026-08-29 20:23:00;USR-1160;14;Standard;1;0;100;Card;Dota 2;3.0;0
;2026-08-28 16:32:00;;23;Standard;3;0;300;Card;Dota 2;4.5;0
SESS-16239;2026-08-16 02:57:00;USR-1695;37;Standard;3;240;300;Card;CS2;2.0;0
SESS-14259;2026-08-14 06:20:00;USR-1298;18;Standard;2;0;180;Card;CS2;4.0;1
SESS-10185;2026-08-15 21:43:00;USR-1408;28;VIP;5;0;1000;Card;CS2;4.5;0
SESS-15661;2026-08-26 00:45:00;USR-1548;16;Standard;3;0;300;Card;CS2;4.5;0
SESS-16492;2026-08-31 11:05:00;USR-1405;23;Standard;3;600;300;Card;CS2;4.5;0
SESS-12978;2026-08-19 16:25:00;USR-1059;18;VIP;2;0;400;Card;CS2;4.5;0
SESS-15969;2026-08-29 00:50:00;USR-1630;21;Standard;3;0;300;Card;Apex Legends;5.0;0
SESS-13617;2026-08-16 13:12:00;USR-1443;14;Standard;2;0;200;Card;Cyberpunk 2077;4.0;0
SESS-15082;2026-08-01 11:32:00;USR-1464;18;Bootcamp;3;0;450;App;GTA V;4.0;0
SESS-13919;2026-08-30 02:27:00;USR-1534;20;Standard;3;600;300;Cash;Minecraft;3.0;0
SESS-13138;2026-08-26 17:11:00;USR-1167;17;Standard;1;80;100;App;GTA V;4.0;0
SESS-16803;2026-08-30 20:15:00;USR-1385;18;Standard;4;800;400;Cash;Dota 2;4.5;0
SESS-14073;2026-08-28 07:42:00;USR-1414;17;Standard;1;0;100;Card;CS2;4.0;0
SESS-16482;2026-08-27 21:19:00;USR-1550;19;VIP;1;300;180;Cash;CS2;5.0;1
SESS-13229;2026-08-13 09:08:00;USR-1096;28;Standard;2;0;200;Card;Valorant;4.5;0
SESS-11826;2026-08-29 12:02:00;USR-1277;15;;Bootcamp;8;0;Card;CS2;5.0;0
SESS-10593;2026-08-06 19:11:00;USR-1071;14;Bootcamp;1;180;150;Card;Dota 2;4.0;0
SESS-12725;2026-08-10 02:22:00;USR-1550;19;VIP;1;0;200;Card;Dota 2;3.0;0
SESS-14137;2026-08-25 18:48:00;USR-1445;15;Standard;1;200;100;App;Valorant;4.5;0
SESS-10560;2026-08-25 23:55:00;USR-1606;21;Bootcamp;12;850;1620;App;CS2;4.5;1
SESS-15907;2026-08-17 11:22:00;USR-1628;14;Bootcamp;1;300;150;App;Dota 2;5.0;0
SESS-16087;2026-08-05 03:57:00;USR-1732;23;Standard;3;0;300;Card;CS2;4.5;0
SESS-10243;2026-08-11 05:11:00;USR-1025;15;VIP;1;0;200;Card;CS2;5.0;0
SESS-14437;2026-08-06 03:16:00;USR-1404;15;Standard;1;200;100;Card;CS2;3.0;0
SESS-15218;2026-08-16 21:11:00;USR-1305;19;Standard;5;1000;500;App;Dota 2;4.5;0
SESS-10405;2026-08-21 01:59:00;USR-1554;20;VIP;3;0;600;Card;Valorant;4.0;0
SESS-11442;2026-08-12 21:55:00;USR-1150;27;Standard;2;0;200;Cash;Browser/Work;3.0;0
SESS-10261;2026-08-06 15:20:00;USR-1713;25;Standard;2;0;180;Cash;CS2;4.0;1
SESS-15129;2026-08-28 17:10:00;USR-1557;18;Standard;4;0;400;App;PUBG;4.0;0
SESS-16881;2026-08-05 23:12:00;USR-1343;15;Standard;8;0;720;Card;Valorant;5.0;1
SESS-11689;2026-08-27 07:38:00;USR-1514;14;Standard;2;400;200;App;CS2;4.0;0
SESS-11725;2026-08-01 03:25:00;USR-1660;18;Standard;1;80;90;Card;Valorant;5.0;1
SESS-14930;2026-08-12 22:34:00;USR-1157;25;Standard;1;80;100;Card;Minecraft;4.0;0
SESS-12496;2026-08-10 15:50:00;USR-1109;3;VIP;999;0;400;Card;CS2;4.5;0
SESS-15061;2026-08-25 15:49:00;USR-1630;21;Standard;5;0;500;Card;GTA V;4.0;0
SESS-10340;2026-08-25 10:20:00;USR-1254;22;Standard;1;0;100;App;Minecraft;5.0;0
SESS-15253;2026-08-19 04:52:00;USR-1526;15;Standard;3;360;270;Card;Minecraft;1.0;1
SESS-11601;2026-08-17 02:36:00;USR-1234;21;Standard;2;0;200;Cash;Dota 2;5.0;0
SESS-14576;2026-08-14 21:44:00;USR-1213;16;Standard;12;0;1200;Card;CS2;3.0;0
SESS-13725;2026-08-30 02:50:00;USR-1528;24;VIP;3;490;600;App;Dota 2;5.0;0
SESS-17009;2026-08-20 08:37:00;USR-1496;21;Bootcamp;5;0;675;App;Deadlock;4.5;1
SESS-12785;2026-08-26 05:57:00;USR-1119;19;Standard;1;80;90;App;Dota 2;5.0;1
SESS-11523;2026-08-12 20:21:00;USR-1321;27;Bootcamp;8;650;1200;App;CS2;4.0;0
SESS-15087;2026-08-08 03:49:00;USR-1600;20;Bootcamp;8;0;1200;Cash;CS2;5.0;0
SESS-16697;2026-08-11 07:23:00;USR-1477;21;Standard;1;0;100;Card;Valorant;4.5;0
SESS-16989;2026-08-29 18:51:00;USR-1240;21;VIP;1;370;200;Card;Dota 2;3.0;0
SESS-16095;2026-08-02 07:45:00;USR-1265;14;VIP;2;0;400;Card;CS2;4.0;0
SESS-11766;2026-08-14 13:17:00;USR-1099;21;Bootcamp;2;500;300;Card;Apex Legends;4.5;0
SESS-15671;2026-08-17 02:33:00;USR-1167;17;VIP;3;0;600;App;CS2;5.0;0
SESS-14037;2026-08-24 04:35:00;USR-1763;33;Standard;2;0;200;App;Cyberpunk 2077;5.0;0
SESS-15958;2026-08-25 07:44:00;USR-1078;20;Standard;2;0;200;Card;Apex Legends;2.0;0
SESS-16112;2026-08-12 01:27:00;USR-1309;23;Standard;1;0;90;App;Apex Legends;4.0;1
SESS-17055;2026-08-24 10:18:00;USR-1680;17;PS5;3;0;750;Card;Dota 2;4.0;0
SESS-10363;2026-08-09 23:14:00;USR-1504;23;Standard;12;0;1200;Cash;CS2;4.0;0
SESS-15825;2026-08-20 17:54:00;USR-1048;20;Standard;1;0;100;Card;Minecraft;4.0;0
SESS-16787;2026-08-28 11:01:00;USR-1157;25;Standard;1;0;100;Card;CS2;4.0;0
SESS-14725;2026-08-08 05:59:00;USR-1587;17;PS5;2;160;500;App;CS2;4.5;0
SESS-14443;2026-08-16 19:27:00;USR-1240;140;Standard;-2;120;100;Cash;GTA V;4.0;0
SESS-16011;2026-08-22 14:53:00;USR-1076;16;Bootcamp;5;0;750;App;Dota 2;4.0;0
SESS-16967;2026-08-05 17:05:00;USR-1469;24;Bootcamp;1;300;150;App;Valorant;5.0;0
SESS-12562;2026-08-20 06:25:00;USR-1246;25;VIP;4;0;720;Card;CS2;5.0;1
SESS-15265;2026-08-22 05:03:00;USR-1234;21;Standard;8;0;720 ₽;Card;Deadlock;5.0;1
SESS-16916;2026-08-31 22:06:00;USR-1795;20;VIP;2;350;360;;Dota 2;5.0;1
SESS-17003;2026-08-20 19:49:00;USR-1773;19;Standard;1;0;100;Card;CS2;2.0;0
SESS-13083;2026-08-24 05:07:00;USR-1482;15;Standard;1;50;100;Card;Valorant;5.0;0
SESS-16951;2026-08-06 15:09:00;USR-1188;26;Bootcamp;4;0;600;Card;Dota 2;4.0;0
SESS-12102;2026-08-05 15:14:00;USR-1186;21;Standard;1;50;90;Card;Dota 2;4.5;1
SESS-10632;2026-08-07 12:49:00;USR-1277;15;Standard;2;400;200;App;Dota 2;3.0;0
SESS-12493;2026-08-17 10:43:00;USR-1095;20;PS5;2;0;500;App;Dota 2;4.0;0
SESS-12665;2026-08-26 01:32:00;USR-1735;14;Bootcamp;4;0;600;Cash;CS2;4.5;0
SESS-15456;2026-08-16 05:36:00;USR-1009;20;Standard;2;160;200;App;Apex Legends;4.0;0
SESS-14406;2026-08-16 13:17:00;USR-1798;16;Standard;2;160;200;Card;Apex Legends;5.0;0
SESS-17273;2026-08-20 16:43:00;USR-1648;15;PS5;2;160;500;Card;Deadlock;4.5;0
SESS-15344;2026-08-25 01:51:00;USR-1270;24;Bootcamp;4;0;600;Card;GTA V;5.0;0
SESS-12334;2026-08-13 22:01:00;USR-1697;36;VIP;3;610;600;Card;CS2;4.0;0
SESS-16372;2026-08-01 02:48:00;USR-1082;32;Bootcamp;2;340;300;App;Minecraft;5.0;0
SESS-13619;2026-08-25 20:47:00;USR-1260;21;Bootcamp;4;570;600;Card;CS2;4.5;0
SESS-13883;2026-08-17 13:22:00;USR-1167;17;VIP;1;0;200;Card;Valorant;4.0;0
SESS-15112;2026-08-10 10:25:00;USR-1031;24;PS5;2;0;500;Card;Dota 2;4.0;0
SESS-14211;2026-08-25 20:08:00;USR-1672;36;Bootcamp;2;500;300;Card;CS2;5.0;0
SESS-11494;08.08.2026;USR-1543;24;Standard;3;240;300;Card;GTA V;5.0;0
SESS-12401;2026-08-21 04:07:00;USR-1302;16;Standard;12;0;1200;Card;Dota 2;4.0;0
SESS-13874;2026-08-06 08:57:00;USR-1089;17;PS5;1;0;250;Card;Minecraft;4.5;0
SESS-11232;2026-08-02 09:21:00;USR-1747;25;Bootcamp;2;0;300;Card;CS2;4.5;0
SESS-12661;2026-08-21 03:49:00;USR-1225;26;Bootcamp;1;370;150;Card;Valorant;5.0;0
SESS-12817;2026-08-24 05:05:00;USR-1779;30;Standard;4;800;400;Card;Apex Legends;4.0;0
SESS-15242;2026-08-14 07:38:00;USR-1593;20;Standard;2;160;200;App;Dota 2;4.0;0
SESS-15987;2026-08-15 11:21:00;USR-1572;15;Standard;4;0;400;App;Dota 2;4.5;0
SESS-14153;2026-08-06 08:26:00;USR-1569;19;Bootcamp;4;570;540;Cash;CS2;5.0;1
SESS-15612;2026-08-23 16:10:00;USR-1597;25;PS5;2;0;500;Cash;CS2;4.0;0
SESS-13061;2026-08-23 16:08:00;USR-1073;15;Standard;3;150;270;Card;Dota 2;4.0;1
SESS-16450;2026-08-24 19:49:00;USR-1441;21;VIP;3;250;600;App;Minecraft;4.0;0
SESS-11670;2026-08-25 03:45:00;USR-1755;28;Bootcamp;1;0;150;App;GTA V;4.0;0
SESS-11735;2026-08-01 22:37:00;USR-1136;29;PS5;3;0;750;App;Minecraft;4.5;0
SESS-12823;2026-08-06 06:06:00;USR-1476;16;Standard;3;600;300;App;CS2;3.0;0
SESS-15748;2026-08-24 05:53:00;USR-1257;26;PS5;2;0;450;App;Valorant;3.0;1
SESS-15166;2026-08-15 21:30:00;USR-1596;18;Standard;3;0;300;Card;CS2;4.0;0
SESS-12475;2026-08-24 12:49:00;USR-1439;16;Standard;3;0;3ОО;Card;Dota 2;4.5;0
;2026-08-15 14:49:00;;22;PS5;1;0;250;Cash;CS2;4.5;0
SESS-16124;2026-08-12 10:12:00;USR-1741;25;Standard;1;200;90;Card;Minecraft;4.5;1
SESS-16353;2026-08-24 22:17:00;USR-1199;26;Standard;4;0;400;Card;GTA V;5.0;0
SESS-15830;2026-08-16 00:29:00;USR-1314;21;Standard;2;400;180;App;Valorant;5.0;1
SESS-10707;2026-08-19 16:50:00;USR-1721;20;PS5;3;0;675;Card;Deadlock;4.0;1
SESS-13046;2026-08-21 20:57:00;USR-1624;18;Standard;4;0;400;Card;Dota 2;4.5;0
SESS-11352;2026-08-30 06:16:00;USR-1401;14;Standard;2;240;180;Card;GTA V;3.0;1
SESS-16256;2026-08-16 16:15:00;USR-1699;29;Bootcamp;1;300;150;Cash;Dota 2;5.0;0
SESS-10072;2026-08-13 19:10:00;USR-1541;24;Standard;2;400;200;Card;Dota 2;4.5;0
SESS-14448;2026-08-25 10:51:00;USR-1760;17;Standard;5;250;500;Card;Dota 2;4.5;0
SESS-14839;2026-08-09 08:57:00;USR-1179;21;Standard;2;0;200;App;Dota 2;5.0;0
SESS-17058;2026-08-16 23:15:00;USR-1315;17;Standard;3;0;300;App;Dota 2;4.0;0
SESS-11190;2026-08-11 01:12:00;USR-1161;19;PS5;12;960;3000;App;Minecraft;4.5;0
SESS-12601;2026-08-06 01:30:00;USR-1406;23;Standard;3;0;270;Card;Deadlock;4.0;1
SESS-11125;2026-08-03 19:44:00;USR-1477;21;Standard;4;0;400;Card;CS2;5.0;0
SESS-11241;2026-08-21 19:05:00;USR-1380;28;Standard;3;150;300;Card;Minecraft;3.0;0
SESS-16760;2026-08-03 22:21:00;USR-1567;26;Standard;4;800;360;Card;Dota 2;4.5;1
SESS-16222;2026-08-31 00:46:00;USR-1386;21;Standard;3;0;300;Cash;Dota 2;3.0;0
SESS-15652;2026-08-15 00:45:00;USR-1109;22;Bootcamp;1;150;150;Card;CS2;5.0;0
SESS-13351;2026-08-13 07:55:00;USR-1701;22;Bootcamp;8;0;1200;Card;Dota 2;3.0;0
SESS-14008;2026-08-02 17:04:00;USR-1340;15;Bootcamp;2;410;300;Cash;Cyberpunk 2077;1.0;0
SESS-11577;2026-08-19 02:50:00;USR-1304;22;VIP;1;0;200;App;CS2;5.0;0
SESS-13906;2026-08-01 03:43:00;USR-1194;14;VIP;2;350;400;Card;Dota 2;4.0;0
SESS-13729;2026-08-19 04:47:00;USR-1070;22;Standard;4;0;400;Card;Dota 2;4.0;0
SESS-14358;2026-08-12 12:02:00;USR-1764;22;Standard;4;480;360;Card;CS2;4.5;1
SESS-11343;2026-08-31 07:12:00;USR-1463;20;;Standard;1;0;Cash;CS2;4.5;0
SESS-16551;2026-08-23 13:57:00;USR-1189;18;Bootcamp;5;0;750;Card;Valorant;4.5;0
SESS-16837;2026-08-21 19:15:00;USR-1794;26;Bootcamp;1;0;150;Card;CS2;1.0;0
SESS-10440;2026-08-26 21:46:00;USR-1227;24;Bootcamp;1;150;150;Card;Valorant;4.0;0
SESS-11100;2026-08-07 03:40:00;USR-1407;19;Standard;2;160;200;Card;Valorant;4.0;0
SESS-12637;2026-08-09 05:03:00;USR-1117;17;Standard;1;50;90;Card;CS2;4.0;1
SESS-16467;2026-08-02 15:50:00;USR-1222;17;Bootcamp;2;0;300;Card;Dota 2;3.0;0
SESS-10649;2026-08-30 18:57:00;USR-1274;14;Standard;3;600;270;App;Minecraft;4.0;1
SESS-11546;2026-08-22 06:36:00;USR-1709;17;Bootcamp;4;570;600;Card;CS2;5.0;0
SESS-15733;2026-08-05 01:46:00;USR-1658;20;Bootcamp;1;0;150;Cash;CS2;2.0;0
SESS-15753;2026-08-06 12:34:00;USR-1183;22;Standard;3;150;300;Card;Browser/Work;4.0;0
SESS-12852;2026-08-16 09:49:00;USR-1409;28;Bootcamp;1;0;150;Card;Minecraft;3.0;0
SESS-13503;2026-08-21 06:30:00;USR-1684;29;Standard;1;120;100;Card;CS2;5.0;0
SESS-16129;2026-08-22 01:21:00;USR-1352;29;VIP;5;0;1000;Card;Dota 2;5.0;0
SESS-10630;2026-08-28 12:16:00;USR-1443;14;Standard;3;360;300;Card;Dota 2;4.0;0
SESS-14768;2026-08-22 15:47:00;USR-1232;18;Standard;4;320;400;Card;Valorant;4.0;0
SESS-11249;2026-08-07 14:15:00;USR-1267;16;Standard;2;0;200;App;Deadlock;4.0;0
SESS-15154;2026-08-02 23:50:00;USR-1153;22;Standard;8;0;800;Cash;CS2;2.0;0
SESS-10482;2026-08-20 06:17:00;USR-1675;22;Standard;2;0;200;App;Apex Legends;4.5;0
SESS-11584;2026-08-21 17:34:00;USR-1134;22;PS5;1;0;250;App;CS2;4.5;0
SESS-14676;2026-08-13 17:50:00;USR-1251;14;Standard;5;0;500;Card;Minecraft;4.5;0
SESS-11462;2026-08-15 18:52:00;USR-1565;22;VIP;2;650;400;Card;Minecraft;4.5;0
SESS-13040;2026-08-12 15:14:00;USR-1186;21;Standard;3;240;300;Card;Dota 2;4.0;0
SESS-15010;2026-08-05 16:50:00;USR-1186;21;Standard;1;80;90;Card;Deadlock;5.0;1
SESS-15799;2026-08-21 20:30:00;USR-1275;24;Standard;4;480;400;Card;Deadlock;4.5;0
SESS-13273;2026-08-17 15:17:00;USR-1783;14;Standard;5;0;500;Card;Dota 2;4.0;0
SESS-13683;2026-08-12 11:54:00;USR-1260;21;VIP;2;410;360;Card;Dota 2;4.0;1
SESS-14145;2026-08-24 10:07:00;USR-1794;26;Standard;4;480;360;Card;CS2;4.0;1
SESS-15310;2026-08-09 16:25:00;USR-1522;22;Bootcamp;1;370;150;App;CS2;4.5;0
SESS-14954;2026-08-07 10:36:00;USR-1281;3;Standard;999;360;270;Card;CS2;5.0;1
SESS-13225;2026-08-15 23:56:00;USR-1279;16;Bootcamp;3;0;450;Cash;GTA V;4.0;0
SESS-11072;2026-08-01 13:25:00;USR-1581;3;Bootcamp;999;0;150;Card;GTA V;4.0;0
SESS-14815;2026-08-03 03:55:00;USR-1347;21;VIP;3;0;600;App;CS2;4.0;0
SESS-12631;2026-08-13 14:30:00;USR-1361;20;Bootcamp;4;0;600;Card;Apex Legends;5.0;0
SESS-11660;2026-08-05 10:09:00;USR-1233;31;Standard;3;240;300;App;Valorant;2.0;0
SESS-12425;2026-08-28 11:49:00;USR-1200;14;PS5;12;0;3000;Card;Valorant;3.0;0
SESS-15079;2026-08-21 03:04:00;USR-1272;14;VIP;2;350;400;App;Dota 2;4.5;0
SESS-16851;2026-08-10 21:11:00;USR-1750;28;Standard;2;240;200;Card;Dota 2;3.0;0
SESS-15728;2026-08-08 19:40:00;USR-1490;19;Standard;2;400;180;Card;CS2;4.0;1
SESS-13097;2026-08-11 16:30:00;USR-1228;19;Standard;1;50;100;Card;CS2;3.0;0
SESS-13976;2026-08-13 04:25:00;USR-1712;35;Standard;2;0;200;Cash;Minecraft;2.0;0
SESS-16754;2026-08-26 11:26:00;USR-1279;16;VIP;3;0;600;Card;CS2;5.0;0
SESS-17160;2026-08-12 06:31:00;USR-1299;21;Bootcamp;1;0;150;App;Cyberpunk 2077;5.0;0
SESS-17186;2026-08-10 09:00:00;USR-1089;17;Standard;1;0;90;Card;Dota 2;2.0;1
SESS-16761;2026-08-05 19:30:00;USR-1513;32;Standard;12;960;1200;Cash;Deadlock;5.0;0
SESS-11408;2026-08-03 13:12:00;USR-1505;28;Standard;5;0;500;Cash;Dota 2;4.5;0
SESS-11845;2026-08-06 19:22:00;USR-1077;18;Standard;3;150;300;Card;Dota 2;4.5;0
SESS-11798;2026-08-20 17:49:00;USR-1672;36;Standard;4;0;400;Card;CS2;4.5;0
SESS-13957;2026-08-04 18:24:00;USR-1543;24;Standard;2;0;200;Card;CS2;4.5;0
SESS-11475;2026-08-10 09:37:00;USR-1495;16;Standard;8;0;800;App;Apex Legends;4.5;0
SESS-10035;2026-08-26 11:08:00;USR-1049;29;VIP;2;500;360 ₽;Card;Valorant;4.0;1
SESS-15735;2026-08-08 12:33:00;USR-1162;32;VIP;2;650;400;Cash;GTA V;4.0;0
SESS-10444;2026-08-12 05:02:00;USR-1440;16;Standard;~5;400;500;Card;Valorant;4.5;0
SESS-12359;2026-08-25 21:34:00;USR-1417;19;Standard;3;360;300;Cash;Valorant;3.0;0
SESS-13654;2026-08-23 16:26:00;USR-1148;21;Standard;2;160;200;Cash;Minecraft;4.0;0
SESS-13179;2026-08-26 00:21:00;USR-1586;20;;Standard;2;100;App;Apex Legends;5.0;0
SESS-11286;2026-08-28 20:12:00;USR-1152;17;Standard;2;100;200;Cash;Dota 2;3.0;0
SESS-16524;2026-08-08 02:14:00;USR-1058;15;Bootcamp;2;260;300;App;Dota 2;3.0;0
SESS-14445;2026-08-08 03:33:00;USR-1740;14;Standard;3;360;300;App;Minecraft;5.0;0
SESS-13416;2026-08-19 11:58:00;USR-1605;22;Bootcamp;1;0;150;Card;Valorant;4.0;0
SESS-12137;2026-08-30 22:42:00;USR-1479;18;VIP;3;0;540;Cash;Valorant;4.0;1
SESS-12636;2026-08-08 17:01:00;USR-1403;21;Standard;4;0;400;Card;Dota 2;3.0;0
SESS-14016;2026-08-02 05:09:00;USR-1711;21;Standard;3;0;300;Card;CS2;3.0;0
SESS-17288;2026-08-30 13:51:00;USR-1017;16;VIP;3;610;600;App;Dota 2;3.0;0
SESS-11681;2026-08-08 07:51:00;USR-1572;3;PS5;-2;240;750;Cash;Cyberpunk 2077;3.0;0
SESS-15482;2026-08-28 14:12:00;USR-1225;26;VIP;3;0;600;Card;CS2;5.0;0
SESS-11692;2026-08-31 23:09:00;USR-1476;16;Standard;1;0;100;Cash;Dota 2;4.5;0
SESS-17272;2026-08-01 00:50:00;USR-1106;15;Standard;2;0;200;Card;Dota 2;4.0;0
SESS-16006;2026-08-05 06:50:00;USR-1263;22;VIP;3;0;600;Card;Valorant;4.0;0
SESS-13635;2026-08-02 19:08:00;USR-1274;14;Standard;1;0;90;Card;Dota 2;4.0;1
SESS-10372;2026-08-19 00:46:00;USR-1028;31;Standard;1;200;100;Card;Dota 2;5.0;0
SESS-15793;2026-08-08 17:13:00;USR-1395;36;Standard;2;0;180;Cash;CS2;2.0;1
SESS-14882;2026-08-01 05:20:00;USR-1576;36;Standard;2;0;200;Card;Dota 2;4.5;0
SESS-17146;2026-08-02 09:29:00;USR-1429;34;Standard;1;0;100;Card;Dota 2;5.0;0
SESS-10140;2026-08-29 00:18:00;USR-1511;22;Standard;2;0;200;Card;Minecraft;4.0;0
SESS-14884;2026-08-03 12:27:00;USR-1122;22;VIP;3;0;540;Card;CS2;4.0;1
SESS-14419;2026-08-08 03:25:00;USR-1169;15;Bootcamp;3;0;450;App;CS2;4.5;0
SESS-17027;2026-08-16 10:43:00;USR-1799;20;Standard;2;160;200;Card;CS2;4.0;0
SESS-16198;2026-08-07 14:43:00;USR-1204;14;VIP;2;500;400;App;CS2;4.0;0
SESS-10714;2026-08-13 01:22:00;USR-1700;17;Standard;2;240;180;Card;Deadlock;5.0;1
SESS-13188;2026-08-06 21:37:00;USR-1514;14;Standard;2;160;180;Card;Minecraft;4.5;1
SESS-16664;2026-08-05 10:28:00;USR-1434;21;VIP;3;0;540;App;CS2;;1
SESS-14431;2026-08-30 14:34:00;USR-1308;15;Bootcamp;2;500;270;App;Dota 2;5.0;1
SESS-12432;2026-08-14 10:59:00;USR-1540;26;Standard;3;600;270;Card;Apex Legends;4.5;1
SESS-10406;2026-08-06 16:55:00;USR-1548;16;VIP;2;340;400;App;CS2;4.0;0
SESS-10020;2026-08-01 12:54:00;USR-1227;24;Standard;12;960;1200;App;CS2;5.0;0
SESS-11004;2026-08-04 12:36:00;USR-1711;21;Bootcamp;3;0;450;Card;CS2;4.0;0
SESS-14986;2026-08-13 15:20:00;USR-1078;20;Standard;12;0;1200;Card;CS2;4.5;0
SESS-12411;2026-08-10 13:17:00;USR-1108;33;VIP;2;0;400;Card;Deadlock;1.0;0
SESS-12545;2026-08-22 12:22:00;USR-1570;26;PS5;5;600;1250;Card;Dota 2;3.0;0
SESS-12390;2026-08-10 05:40:00;USR-1706;35;PS5;2;0;450;App;Cyberpunk 2077;5.0;1
SESS-16060;2026-08-30 05:41:00;USR-1648;15;Standard;5;0;500;Card;CS2;3.0;0
SESS-10042;2026-08-19 15:02:00;USR-1022;20;VIP;2;0;400;Card;Browser/Work;4.5;0
SESS-12830;2026-08-26 02:50:00;USR-1267;16;Standard;4;0;360;Card;CS2;4.0;1
SESS-13371;08/17/26;USR-1646;19;Standard;2;0;200;Card;Dota 2;5.0;0
SESS-13022;2026-08-19 17:00:00;USR-1098;140;Standard;-2;0;400;Card;Dota 2;4.5;0
SESS-13364;2026-08-31 15:27:00;USR-1327;29;VIP;1;0;180;Cash;CS2;4.5;1
SESS-14399;2026-08-06 11:28:00;USR-1410;25;Standard;2;0;200;Card;CS2;4.0;0
SESS-10011;2026-08-30 19:45:00;USR-1564;32;Bootcamp;1;0;135;App;Deadlock;5.0;1
SESS-14760;2026-08-11 06:25:00;USR-1563;41;Standard;12;0;1200;Card;CS2;3.0;0
SESS-11177;2026-08-26 02:03:00;USR-1187;23;Bootcamp;2;350;300;App;CS2;4.0;0
SESS-11947;2026-08-25 00:37:00;USR-1766;33;VIP;4;0;800;Card;CS2;4.5;0
SESS-12501;2026-08-10 20:26:00;USR-1514;14;VIP;2;490;400;App;CS2;4.0;0
SESS-12863;2026-08-30 09:37:00;USR-1515;21;Standard;2;240;200;App;PUBG;4.5;0
SESS-13865;2026-08-14 12:15:00;USR-1386;21;VIP;3;0;600;Card;Valorant;4.0;0
SESS-11026;2026-08-25 09:49:00;USR-1656;35;VIP;12;0;2400;Card;CS2;4.5;0
SESS-13848;2026-08-21 13:08:00;USR-1177;22;Standard;2;100;200;Card;CS2;4.0;0
SESS-12989;2026-08-07 09:56:00;USR-1646;19;PS5;4;0;1000;Card;Valorant;4.0;0
SESS-10961;2026-08-05 19:43:00;USR-1725;21;Bootcamp;3;0;405;App;Deadlock;4.0;1
SESS-12889;2026-08-22 17:59:00;USR-1442;22;Standard;1;80;100;Card;Deadlock;5.0;0
SESS-13015;2026-08-30 08:52:00;USR-1656;35;Standard;12;0;1080;Card;Dota 2;3.0;1
SESS-13338;2026-08-24 16:20:00;USR-1299;21;Standard;2;160;200;Card;Minecraft;4.5;0
SESS-15324;2026-08-01 05:10:00;USR-1760;17;ps5;2;0;300;Card;PUBG;3.0;0
SESS-10735;2026-08-04 06:50:00;USR-1280;19;Standard;3;0;300;App;Deadlock;4.5;0
SESS-14400;2026-08-10 13:48:00;USR-1111;35;Standard;3;150;270;Card;Dota 2;5.0;1
SESS-11440;2026-08-09 13:19:00;USR-1611;14;VIP;1;0;200;App;Minecraft;4.0;0
SESS-12875;2026-08-16 02:31:00;USR-1716;24;Standard;3;0;300;App;Dota 2;4.0;0
SESS-13986;2026-08-26 19:42:00;USR-1384;19;Bootcamp;2;0;300;Card;Minecraft;4.0;0
SESS-10916;2026-08-11 19:03:00;USR-1337;21;Standard;1;120;90;Card;Dota 2;5.0;1
SESS-17194;2026-08-20 13:04:00;USR-1478;25;Standard;1;50;90;Card;CS2;5.0;1
SESS-15882;2026-08-29 16:38:00;USR-1260;21;Standard;3;0;300;Card;Dota 2;3.0;0
SESS-14089;2026-08-31 13:52:00;USR-1281;20;Standard;1;50;100;App;CS2;4.0;0
SESS-16969;2026-08-29 23:12:00;USR-1167;17;Bootcamp;3;460;450;Card;Apex Legends;4.0;0
SESS-15891;2026-08-18 12:31:00;USR-1029;20;PS5;3;0;750;Card;Dota 2;4.5;0
SESS-12772;2026-08-18 08:22:00;USR-1136;29;Standard;3;0;300;Card;Dota 2;3.0;0
SESS-11624;2026-08-20 11:36:00;USR-1716;24;VIP;3;0;600;Card;Dota 2;3.0;0
SESS-15979;2026-08-20 12:16:00;USR-1325;22;Bootcamp;8;500;1200;Cash;CS2;2.0;0
SESS-10821;2026-08-02 05:29:00;USR-1375;22;Standard;3;0;270;Cash;CS2;4.5;1
SESS-11367;2026-08-07 22:07:00;USR-1573;23;Standard;2;400;200;Card;CS2;4.0;0
SESS-13712;2026-08-27 06:10:00;USR-1475;26;Bootcamp;3;0;450;Card;Valorant;5.0;0
SESS-16780;2026-08-23 09:46:00;USR-1557;18;Bootcamp;2;0;300;App;Dota 2;3.0;0
SESS-10850;2026-08-11 07:53:00;USR-1578;17;Standard;8;400;720;Card;Dota 2;4.5;1
SESS-11000;2026-08-04 03:46:00;USR-1089;17;Bootcamp;4;0;600;App;Valorant;4.5;0
SESS-15601;2026-08-09 00:06:00;USR-1534;20;VIP;2;0;400;Card;CS2;4.5;0
SESS-14114;2026-08-26 01:19:00;USR-1340;15;Standard;2;0;200;App;Valorant;5.0;0
SESS-11637;2026-08-06 22:43:00;USR-1708;24;Standard;2;0;200;Card;Apex Legends;2.0;0
SESS-11667;2026-08-30 00:43:00;USR-1257;3;Bootcamp;-2;580;600;Card;Dota 2;4.5;0
SESS-14589;2026-08-14 01:47:00;USR-1739;28;Standard;2;400;200;Card;Cyberpunk 2077;4.0;0
SESS-13173;2026-08-08 15:36:00;USR-1321;27;Standard;1;0;100;Card;CS2;4.5;0
SESS-15738;2026-08-08 15:25:00;USR-1082;32;Bootcamp;8;500;1080;Card;CS2;4.5;1
SESS-11347;2026-08-08 08:30:00;USR-1105;19;Standard;4;800;360;Card;CS2;4.5;1
SESS-15888;2026-08-19 08:07:00;USR-1078;20;Standard;1;0;100;Cash;Dota 2;4.0;0
SESS-13230;2026-08-25 13:44:00;USR-1181;16;Standard;12;0;1200;Card;Dota 2;4.5;0
SESS-15303;2026-08-28 18:55:00;USR-1777;23;VIP;3;0;600;Card;Dota 2;4.5;0
SESS-16717;2026-08-27 04:20:00;USR-1278;32;VIP;5;0;1000;Card;Minecraft;5.0;0
SESS-14783;2026-08-14 01:14:00;USR-1715;21;Standard;2;0;200;Card;Dota 2;5.0;0
SESS-15893;2026-08-07 18:48:00;USR-1298;18;Bootcamp;1;0;150 руб.;Card;Minecraft;4.0;0
SESS-13232;2026-08-20 20:31:00;USR-1541;24;VIP;1;0;180;Card;Dota 2;4.5;1
SESS-17134;2026-08-22 13:17:00;USR-1267;16;Standard;5;0;500;Card;Valorant;4.0;0
SESS-10703;2026-08-29 06:10:00;USR-1046;20;Standard;2;400;180;Cash;Dota 2;3.0;1
SESS-15105;2026-08-22 17:01:00;USR-1191;16;Standard;2;0;200;App;Deadlock;4.5;0
SESS-16012;2026-08-29 21:28:00;USR-1447;20;VIP;2;340;400;App;CS2;4.5;0
SESS-13291;2026-08-27 21:01:00;USR-1398;16;Standard;2;240;200;App;Minecraft;5.0;0
SESS-13673;2026-08-25 16:35:00;USR-1213;16;VIP;2;350;400;Cash;GTA V;5.0;0
SESS-12408;2026-08-24 07:23:00;USR-1579;27;VIP;2;490;400;Card;Dota 2;4.0;0
SESS-16960;2026-08-22 23:12:00;USR-1677;25;Standard;1;0;100;Card;GTA V;2.0;0
SESS-11327;2026-08-11 10:39:00;USR-1796;26;PS5;1;0;250;Card;Cyberpunk 2077;4.0;0
SESS-17130;2026-08-31 10:05:00;USR-1663;21;VIP;1;180;200;Card;CS2;4.0;0
SESS-16183;2026-08-07 02:25:00;USR-1399;23;Standard;1;200;100;Cash;Browser/Work;4.0;0
SESS-14909;2026-08-10 08:06:00;USR-1738;37;Standard;5;0;500;App;Dota 2;4.5;0
SESS-14440;2026-08-16 02:50:00;USR-1085;38;Standard;3;0;300;App;CS2;5.0;0
SESS-16920;2026-08-23 02:09:00;USR-1536;23;Bootcamp;2;490;300;App;Valorant;2.0;0
SESS-10986;2026-08-11 03:56:00;USR-1588;19;PS5;2;240;500;App;Dota 2;3.0;0
SESS-16630;2026-08-22 09:53:00;USR-1439;16;VIP;12;1540;2400;Card;Dota 2;5.0;0
SESS-16846;2026-08-21 09:29:00;USR-1697;36;Standard;3;0;300 руб.;App;GTA V;4.0;0
SESS-16490;2026-08-01 21:31:00;USR-1326;19;Standard;2;400;200;Card;CS2;4.5;0
SESS-16246;2026-08-14 01:29:00;USR-1765;37;Standard;2;0;200;Card;Valorant;4.0;0
SESS-14049;2026-08-30 21:00:00;USR-1392;15;Standard;2;400;200;Card;GTA V;4.5;0
SESS-13485;2026-08-23 14:42:00;USR-1571;19;Standard;3;0;270;Card;Minecraft;4.0;1
SESS-12474;2026-08-30 08:32:00;USR-1304;22;Standard;4;480;400;Cash;GTA V;4.0;0
SESS-15238;2026-08-18 03:08:00;USR-1296;17;Bootcamp;5;350;675;Card;CS2;4.0;1
SESS-13873;2026-08-13 16:22:00;USR-1097;19;Bootcamp;3;490;450;App;Deadlock;2.0;0
SESS-11198;2026-08-15 18:32:00;USR-1363;26;Standard;1;120;100;Card;Browser/Work;5.0;0
SESS-14181;2026-08-02 00:42:00;USR-1326;19;Standard;8;0;800;Card;Deadlock;5.0;0
SESS-11518;2026-08-10 12:42:00;USR-1779;30;Standard;2;0;180;App;PUBG;3.0;1
SESS-16257;2026-08-15 02:48:00;USR-1690;24;VIP;12;0;2400;Card;CS2;5.0;0
SESS-11799;2026-08-11 18:35:00;USR-1552;30;Standard;4;0;400;Card;Dota 2;4.0;0
SESS-11014;2026-08-09 03:36:00;USR-1045;23;VIP;8;0;1600;App;Dota 2;5.0;0
SESS-10128;2026-08-30 04:35:00;USR-1786;24;Bootcamp;3;0;450;Cash;CS2;4.0;0
SESS-11364;2026-08-30 04:22:00;USR-1497;14;Bootcamp;1;220;135;Card;Valorant;4.5;1
SESS-17166;2026-08-22 08:20:00;USR-1258;25;Standard;3;0;300;App;PUBG;2.0;0
SESS-14470;2026-08-05 04:53:00;USR-1551;15;Standard;3;0;300;Card;Dota 2;4.0;0
SESS-10891;2026-08-29 20:00:00;USR-1319;19;PS5;2;400;500 ₽;Card;Dota 2;1.0;0
SESS-12793;2026-08-08 15:39:00;USR-1052;15;Standard;3;360;300;Card;Valorant;4.0;0
SESS-16867;2026-08-15 14:38:00;USR-1067;23;Standard;1;0;100;Card;Dota 2;4.0;0
SESS-14403;2026-08-02 03:32:00;USR-1052;15;Standard;3;150;270;Card;CS2;3.0;1
SESS-17183;2026-08-09 23:18:00;USR-1251;14;Bootcamp;2;0;300;Card;PUBG;4.0;0
SESS-16474;2026-08-13 01:10:00;USR-1047;32;Bootcamp;12;0;1800;Card;CS2;5.0;0
SESS-13249;2026-08-19 20:04:00;USR-1565;22;Standard;12;600;1200;App;Apex Legends;5.0;0
SESS-11208;2026-08-31 10:35:00;USR-1283;33;Standard;8;0;800;Card;PUBG;4.5;0
SESS-13868;2026-08-30 09:21:00;USR-1223;24;Standard;4;200;400;Card;Dota 2;4.0;0
SESS-16774;2026-08-20 22:55:00;USR-1642;19;Standard;12;0;1200;App;CS2;4.5;0
SESS-14065;2026-08-02 20:30:00;USR-1783;14;;Standard;2;0;Card;GTA V;4.0;0
SESS-17033;2026-08-23 03:38:00;USR-1541;24;Standard;4;0;360;Card;CS2;4.5;1
SESS-11239;2026-08-05 16:19:00;USR-1407;19; Bootcamp ;1;0;100;Card;Dota 2;5.0;0
SESS-12289;2026-08-10 20:11:00;USR-1680;17;VIP;1;0;200;Cash;CS2;4.5;0
SESS-12740;2026-08-03 22:27:00;USR-1520;26;Bootcamp;3;400;450;Card;Minecraft;4.5;0
SESS-10275;2026-08-09 13:48:00;USR-1436;23;Standard;2;400;200;Card;Minecraft;4.5;0
SESS-14585;2026-08-24 17:46:00;USR-1770;21;VIP;3;0;600;Card;Cyberpunk 2077;5.0;0
SESS-11035;2026-08-02 21:42:00;USR-1082;32;Standard;3;360;300;App;Dota 2;4.5;0
SESS-11229;2026-08-07 09:42:00;USR-1139;16;Standard;3;360;270;Cash;CS2;5.0;1
SESS-11008;08/04/26;USR-1502;28;Standard;2;0;200;Card;Minecraft;4.0;0
SESS-16314;2026-08-22 14:41:00;USR-1636;16;Standard;3;240;300;Card;Dota 2;4.0;0
SESS-15178;2026-08-15 04:27:00;USR-1187;23;Standard;3;0;300;Card;Dota 2;4.5;0
SESS-13828;2026-08-09 17:30:00;USR-1204;14;Standard;3;0;300;Card;Valorant;4.5;0
SESS-12532;2026-08-03 04:12:00;USR-1748;25;Standard;1;0;100;Card;Cyberpunk 2077;5.0;0
SESS-14293;2026-08-29 07:43:00;USR-1339;18;Standard;3;0;270;App;Valorant;4.0;1
SESS-11058;2026-08-26 06:24:00;USR-1704;30;Standard;2;160;200;Card;CS2;5.0;0
SESS-15593;2026-08-08 23:51:00;USR-1578;17;VIP;1;0;180;App;Dota 2;4.0;1
SESS-10281;08/20/26;USR-1748;25;Standard;1;50;90;App;Minecraft;4.5;1
SESS-11043;2026-08-21 10:31:00;USR-1764;22;Standard;3;600;300;Card;Apex Legends;4.0;0
SESS-11316;2026-08-31 10:49:00;USR-1799;20;PS5;1;0;250;Cash;Apex Legends;5.0;0
SESS-10968;2026-08-09 15:02:00;USR-1512;15;VIP;3;0;600;Card;Valorant;4.5;0
SESS-12381;2026-08-02 22:27:00;USR-1432;21;Standard;5;600;450;App;Dota 2;1.0;1
SESS-16018;2026-08-22 00:08:00;USR-1568;21;Bootcamp;2;500;270;Card;Minecraft;4.5;1
SESS-11939;2026-08-03 14:52:00;USR-1202;27;PS5;2;0;500;Card;Minecraft;4.5;0
SESS-15409;2026-08-12 16:40:00;USR-1226;38;VIP;4;0;800;Card;CS2;4.5;0
SESS-11274;2026-08-20 20:19:00;USR-1031;24;Standard;2;0;200;Card;Deadlock;4.0;0
SESS-10619;2026-08-14 16:55:00;USR-1392;15;Standard;2;0;200;App;Minecraft;4.0;0
SESS-15994;2026-08-11 21:32:00;USR-1096;28;Standard;2;0;200;Card;Dota 2;5.0;0
SESS-11742;2026-08-22 02:54:00;USR-1205;34;Bootcamp;8;0;1200;Cash;CS2;4.0;0
SESS-11390;2026-08-12 08:06:00;USR-1592;140;Standard;999;0;100;Card;CS2;3.0;0
SESS-16142;2026-08-02 11:20:00;USR-1767;29;Standard;3;0;270;Card;CS2;4.5;1
SESS-11579;2026-08-25 03:45:00;USR-1437;140;VIP;-2;1060;2160;Card;PUBG;4.5;1
SESS-11655;2026-08-03 13:11:00;USR-1161;19;PS5;2;100;500;Card;Valorant;3.0;0
SESS-13568;2026-08-01 23:05:00;USR-1185;24;Standard;5;400;450;Card;CS2;4.0;1
SESS-12352;2026-08-27 10:20:00;USR-1333;35;Standard;1;80;100;Card;CS2;4.5;0
SESS-12212;2026-08-20 05:25:00;USR-1375;22;Bootcamp;8;650;1200;Card;PUBG;5.0;0
SESS-13355;2026-08-05 13:26:00;USR-1736;23;Standard;2;0;180;Card;Valorant;5.0;1
SESS-13178;2026-08-02 05:11:00;USR-1622;23;VIP;2;490;400;Card;Apex Legends;4.5;0
SESS-13192;2026-08-06 22:28:00;USR-1026;23;Bootcamp;2;0;300;App;Minecraft;4.5;0
SESS-11307;2026-08-25 16:01:00;USR-1187;23;Standard;2;160;200;Card;Dota 2;5.0;0
SESS-10575;2026-08-29 03:35:00;USR-1068;18;PS5;3;150;750;Card;CS2;4.0;0
SESS-12360;2026-08-15 11:19:00;USR-1569;19;VIP;3;250;600;Card;Cyberpunk 2077;4.5;0
SESS-11280;2026-08-15 22:25:00;USR-1174;22;Standard;5;0;450;Card;Dota 2;3.0;1
SESS-16136;2026-08-21 01:05:00;USR-1309;23;Standard;4;200;400;App;CS2;4.0;0
SESS-14957;2026-08-27 09:02:00;USR-1779;30;Standard;3;240;300;Card;CS2;4.0;0
SESS-17113;2026-08-30 14:03:00;USR-1646;19;Standard;3;0;300;Card;Dota 2;4.5;0
SESS-11993;2026-08-25 00:08:00;USR-1079;21;Bootcamp;3;250;450;Card;Dota 2;1.0;0
SESS-12639;2026-08-02 04:43:00;USR-1439;16;Standard;2;0;200;Card;CS2;3.0;0
SESS-10269;2026-08-06 15:35:00;USR-1109;22;Standard;3;360;300;Card;Dota 2;4.0;0
SESS-10629;2026-08-20 06:41:00;USR-1251;14;Standard;1;0;100;Cash;CS2;4.5;0
SESS-15584;2026-08-17 17:38:00;USR-1488;16;Standard;1;200;100;Card;CS2;4.0;0
SESS-13081;2026-08-24 22:42:00;USR-1225;26;VIP;3;850;540;Card;CS2;4.0;1
SESS-13466;2026-08-02 12:46:00;USR-1193;19;VIP;1;0;200;Card;Minecraft;5.0;0
SESS-16590;2026-08-23 16:08:00;USR-1520;26;Bootcamp;2;0;300;Card;CS2;4.0;0
SESS-14396;2026-08-06 16:06:00;USR-1461;27;Standard;2;0;200;App;Dota 2;4.0;0
SESS-14023;2026-08-08 10:44:00;USR-1267;16;Standard;3;600;270;Card;CS2;3.0;1
SESS-17148;2026-08-10 13:12:00;USR-1224;42;PS5;1;120;250;Cash;GTA V;4.0;0
SESS-12046;2026-08-12 09:05:00;USR-1073;15;;Bootcamp;2;500;Card;Valorant;5.0;0
SESS-14356;2026-08-22 17:19:00;USR-1341;16;Standard;1;120;100;App;CS2;4.0;0
SESS-15923;2026-08-19 17:28:00;USR-1752;24;PS5;12;600;3000;Card;Dota 2;5.0;0
SESS-12113;2026-08-27 06:44:00;USR-1311;20;Standard;3;0;270;Card;Valorant;4.5;1
SESS-10027;2026-08-19 13:52:00;USR-1725;21;VIP;4;570;800;Card;Minecraft;4.0;0
SESS-12040;2026-08-17 19:29:00;USR-1546;29;Standard;1;50;100;Card;Dota 2;5.0;0
SESS-13928;2026-08-05 16:20:00;USR-1493;14;Standard;2;0;200;App;Dota 2;4.5;0
SESS-16821;2026-08-20 14:38:00;USR-1388;23;Standard;3;240;300;Card;Dota 2;4.0;0
SESS-13216;2026-08-26 07:07:00;USR-1203;25;VIP;2;340;400;Card;CS2;4.5;0
SESS-17028;2026-08-08 12:17:00;USR-1125;30;Standard;3;0;27О;Card;CS2;5.0;1
SESS-13814;2026-08-21 15:26:00;USR-1797;35;Standard;12;2400;1200;Card;CS2;;0
SESS-10129;2026-08-14 02:18:00;USR-1025;15;Standard;2;240;200;Card;CS2;3.0;0
SESS-15587;2026-08-11 12:05:00;USR-1290;31;VIP;2;350;400;Cash;CS2;4.0;0
SESS-16747;2026-08-04 13:13:00;USR-1518;24;Standard;2;0;200;Cash;CS2;4.5;0
SESS-14599;2026-08-15 01:06:00;USR-1646;19;Standard;8;640;800;Card;Cyberpunk 2077;4.0;0
SESS-10013;2026-08-20 17:27:00;USR-1244;26;Standard;1;0;90;Card;CS2;4.5;1
SESS-16475;2026-08-19 23:33:00;USR-1051;23;VIP;1;0;200;Card;Dota 2;4.0;0
SESS-14476;2026-08-20 14:36:00;USR-1133;19;Standard;1;200;100;Card;CS2;4.5;0
SESS-11525;2026-08-05 22:15:00;USR-1736;23;Standard;5;0;500;Card;Minecraft;5.0;0
SESS-12365;2026-08-15 06:58:00;USR-1323;20;Bootcamp;5;500;750;Card;Valorant;4.0;0
SESS-14648;2026-08-30 23:07:00;USR-1778;17;Standard;1;0;90;Card;CS2;4.5;1
SESS-13052;2026-08-03 18:21:00;USR-1724;37;Standard;2;240;200;Card;CS2;4.5;0
SESS-14005;2026-08-05 19:20:00;USR-1024;17;PS5;3;600;675;Card;GTA V;4.5;1
SESS-12340;2026-08-09 10:41:00;USR-1379;18;Standard;3;0;300;Card;Dota 2;2.0;0
SESS-10374;2026-08-01 01:18:00;USR-1700;17;Standard;3;0;300;Card;Apex Legends;5.0;0
SESS-15494;2026-08-09 16:27:00;USR-1299;140;Bootcamp;999;850;450;App;Deadlock;5.0;0
SESS-16486;2026-08-14 21:04:00;USR-1049;29;VIP;8;1700;1440;Card;Deadlock;5.0;1
SESS-10939;2026-08-28 23:27:00;USR-1656;35;Standard;2;400;200;Card;Minecraft;4.5;0
SESS-17221;2026-08-01 07:18:00;USR-1069;16;PS5;4;800;1000;Card;Valorant;4.5;0
SESS-14573;2026-08-25 00:23:00;USR-1718;29;VIP;5;1100;900;Card;CS2;4.0;1
SESS-12147;2026-08-25 00:29:00;USR-1761;18;Standard;5;1000;450;Cash;CS2;3.0;1
SESS-13591;2026-08-11 06:42:00;USR-1755;28;VIP;1;0;180;App;Deadlock;4.0;1
SESS-15960;2026-08-19 10:37:00;USR-1134;22;VIP;12;850;2160;App;Dota 2;4.0;1
SESS-16850;2026-08-26 20:02:00;USR-1487;16;Standard;3;0;300;Card;CS2;4.5;0
SESS-16344;2026-08-28 13:32:00;USR-1151;21;VIP;3;0;600;App;Apex Legends;5.0;0
SESS-13623;03.08.2026;USR-1381;22;Standard;1;200;100;App;Dota 2;5.0;0
SESS-10529;2026-08-04 16:49:00;USR-1076;16;PS5;3;600;750;Card;Minecraft;5.0;0
SESS-13714;2026-08-02 11:30:00;USR-1517;24;Standard;3;360;300;Card;Cyberpunk 2077;4.0;0
SESS-14732;2026-08-07 08:43:00;USR-1570;26;Bootcamp;2;0;300;Card;Dota 2;4.5;0
SESS-11269;2026-08-15 06:19:00;USR-1666;16;Standard;3;150;300;Card;Minecraft;3.0;0
SESS-14281;2026-08-19 10:17:00;USR-1325;22;VIP;3;0;600;Card;Dota 2;5.0;0
SESS-11394;2026-08-21 20:30:00;USR-1087;16;Bootcamp;3;0;450;App;Dota 2;3.0;0
SESS-14850;2026-08-15 16:50:00;USR-1524;29;Standard;3;360;270;Card;Dota 2;5.0;1
SESS-14009;2026-08-08 22:32:00;USR-1145;18;VIP;3;400;600;Card;Dota 2;4.0;0
SESS-14390;2026-08-23 12:42:00;USR-1749;14;VIP;1;330;200;Card;CS2;3.0;0
SESS-11797;2026-08-09 18:53:00;USR-1547;23;Bootcamp;3;850;450;App;Dota 2;2.0;0
SESS-12979;2026-08-23 18:03:00;USR-1221;22;Standard;2;240;200;Card;CS2;4.0;0
SESS-11441;2026-08-17 14:33:00;USR-1491;14;Standard;3;0;300;Card;Apex Legends;4.5;0
SESS-15638;2026-08-14 04:13:00;USR-1581;18;Standard;2;0;200;Card;Deadlock;3.0;0
SESS-10877;2026-08-02 22:35:00;USR-1080;29;Standard;2;100;200;Card;Dota 2;4.5;0
SESS-13811;2026-08-11 04:36:00;USR-1324;14;Standard;2;0;200;App;Dota 2;4.0;0
SESS-11273;2026-08-15 21:55:00;USR-1361;20;VIP;2;0;400;Card;Valorant;4.0;0
SESS-14703;2026-08-06 21:47:00;USR-1557;18;Standard;2;160;200;App;Valorant;3.0;0
SESS-11712;2026-08-12 04:41:00;USR-1739;28;Standard;3;150;300;App;Dota 2;4.0;0
SESS-10955;2026-08-16 20:42:00;USR-1677;25;Standard;3;0;300;Card;Minecraft;4.5;0
SESS-15827;2026-08-18 17:53:00;USR-1489;16;Standard;1;0;100;Card;Cyberpunk 2077;4.5;0
SESS-16027;2026-08-30 17:30:00;USR-1704;30; standard ;1;180;200;Cash;Minecraft;4.0;0
SESS-16673;2026-08-19 21:18:00;USR-1363;26;Standard;2;240;200;Card;Valorant;5.0;0
SESS-16928;2026-08-31 10:50:00;USR-1024;17;VIP;1;0;200;Card;Dota 2;4.5;0
SESS-10403;2026-08-29 00:22:00;USR-1096;28;VIP;1;300;200;App;Deadlock;4.5;0
SESS-12071;2026-08-06 07:00:00;USR-1105;19;Bootcamp;2;410;300;Cash;PUBG;4.0;0
SESS-17167;2026-08-03 06:11:00;USR-1673;16;VIP;3;700;600;App;GTA V;3.0;0
SESS-11977;2026-08-09 00:29:00;USR-1456;20;Standard;5;0;450;Card;CS2;4.5;1
SESS-10158;2026-08-02 02:20:00;USR-1232;18;VIP;5;850;1000;App;PUBG;2.0;0
;2026-08-25 22:35:00;USR-1748;25;Standard;3;0;300;Card;Minecraft;4.0;0
SESS-10902;2026-08-06 21:38:00;USR-1084;23;Bootcamp;8;1850;1200;Card;Valorant;3.0;0
SESS-10352;2026-08-19 21:09:00;USR-1185;24;Bootcamp;1;0;150;Card;Valorant;3.0;0
SESS-15326;2026-08-01 06:59:00;USR-1732;23;Bootcamp;2;0;300;Card;Dota 2;5.0;0
SESS-14540;2026-08-08 00:44:00;USR-1296;17;Standard;2;0;200;Card;Valorant;5.0;0
SESS-14130;2026-08-23 14:20:00;USR-1790;23;Standard;2;0;180;Card;Minecraft;3.0;1
SESS-10754;2026-08-23 14:03:00;USR-1304;22;PS5;2;0;450;App;CS2;4.0;1
SESS-12971;2026-08-10 10:12:00;USR-1454;18;Bootcamp;2;0;300;App;CS2;4.0;0
SESS-17304;2026-08-24 21:27:00;USR-1376;16;Standard;2;400;180;Card;Dota 2;1.0;1
SESS-12920;2026-08-13 06:46:00;USR-1624;18;Standard;1;120;100;Card;Apex Legends;4.0;0
SESS-10311;2026-08-30 07:28:00;USR-1748;25;VIP;4;0;800;App;Dota 2;4.0;0
SESS-14644;2026-08-09 20:35:00;USR-1064;19;Standard;4;0;400;Cash;CS2;4.0;0
SESS-10661;2026-08-14 21:38:00;USR-1334;24;Standard;4;800;400;Cash;CS2;4.0;0
SESS-11989;2026-08-08 22:39:00;USR-1771;21;Bootcamp;4;0;600;Cash;CS2;3.0;0
SESS-13665;2026-08-09 04:46:00;USR-1553;17;VIP;2;0;400;App;Apex Legends;5.0;0
SESS-10306;2026-08-10 19:56:00;USR-1089;17;Standard;4;0;400;App;CS2;4.5;0
SESS-12335;2026-08-25 00:04:00;USR-1448;34;VIP;4;0;800;App;Dota 2;2.0;0
SESS-14790;2026-08-05 23:32:00;USR-1705;20;Standard;2;100;200;Cash;CS2;4.0;0
SESS-12356;2026-08-16 00:52:00;USR-1799;20;Bootcamp;2;0;300 руб.;App;CS2;5.0;0
;2026-08-24 11:03:00;;15;Standard;3;0;300;Card;PUBG;4.5;0
SESS-13804;2026-08-12 08:38:00;USR-1167;17;PS5;4;480;1000;Card;CS2;4.5;0
SESS-11927;2026-08-06 13:46:00;USR-1259;21;Bootcamp;4;420;600;Card;Dota 2;4.0;0
SESS-16750;2026-08-12 05:05:00;USR-1127;17;Standard;3;0;270;Card;Dota 2;5.0;1
SESS-13427;2026-08-15 10:45:00;USR-1646;19;Standard;1;0;100;Card;CS2;3.0;0
SESS-10749;2026-08-01 05:13:00;USR-1504;23;Standard;3;150;300;Cash;PUBG;5.0;0
SESS-13638;2026-08-26 00:38:00;USR-1318;35;VIP;3;610;540;Card;Minecraft;4.5;1
SESS-15485;2026-08-15 11:09:00;USR-1372;33;Standard;2;160;200;Card;Dota 2;5.0;0
SESS-11266;2026-08-05 21:22:00;USR-1185;24;Standard;3;0;300;Cash;CS2;4.5;0
SESS-15514;2026-08-04 17:20:00;USR-1745;18;Standard;1;120;90;Card;GTA V;5.0;1
SESS-16394;2026-08-15 01:10:00;USR-1762;22;Standard;3;600;300;Cash;CS2;4.5;0
SESS-16671;2026-08-18 13:24:00;USR-1497;14;Standard;2;100;200;Card;GTA V;4.5;0
SESS-13595;08/08/26;USR-1326;19;Standard;2;0;180;Card;Valorant;4.0;1
SESS-12134;2026-08-06 05:08:00;USR-1647;27;PS5;4;800;1000;App;Valorant;5.0;0
SESS-15066;2026-08-27 03:59:00;USR-1265;14;Bootcamp;8;0;1200;Card;CS2;3.0;0
SESS-14109;2026-08-19 07:07:00;USR-1668;22;ps5;1;0;250;Card;Dota 2;4.0;0
SESS-14969;2026-08-30 21:43:00;USR-1137;16;Standard;3;600;300;Card;PUBG;5.0;0
SESS-14904;2026-08-28 13:43:00;USR-1466;31;Standard;3;0;300;Card;Deadlock;4.5;0
SESS-10514;2026-08-29 09:54:00;USR-1242;15;Bootcamp;3;460;450;Card;CS2;5.0;0
SESS-16747;2026-08-04 13:13:00;USR-1518;24;Standard;2;0;200;Cash;CS2;4.5;0
SESS-10409;2026-08-22 13:59:00;USR-1155;16;Standard;5;600;450;Card;Dota 2;5.0;1
SESS-15624;2026-08-15 03:29:00;USR-1399;23;Bootcamp;2;0;300;Card;CS2;5.0;0
SESS-11465;2026-08-31 21:03:00;USR-1175;25;VIP;2;410;400;Card;Dota 2;4.5;0
SESS-13408;2026-08-08 23:49:00;USR-1612;31;PS5;1;0;225;Card;CS2;4.0;1
SESS-16539;2026-08-01 22:30:00;USR-1426;14;VIP;3;0;600;App;Valorant;3.0;0
SESS-10207;2026-08-06 16:35:00;USR-1517;140;VIP;999;0;600;Card;Browser/Work;2.0;0
SESS-16137;2026-08-29 19:17:00;USR-1190;26;Standard;2;0;200;Card;Dota 2;4.0;0
SESS-10458;2026-08-15 21:31:00;USR-1220;22;Standard;~1;0;90;Card;Dota 2;4.0;1
;2026-08-18 11:21:00;USR-1031;24;Bootcamp;3;460;450;Card;GTA V;4.5;0
SESS-12430;2026-08-03 20:07:00;USR-1001;16;Standard;4;0;400;Card;Dota 2;4.0;0
SESS-10250;2026-08-10 06:41:00;USR-1297;29;PS5;1;0;250;Card;CS2;5.0;0
SESS-16444;2026-08-20 14:02:00;USR-1599;25;Standard;2;0;180;Card;Valorant;;1
SESS-15437;2026-08-16 17:29:00;USR-1057;32;VIP;1;0;200;App;Dota 2;4.5;0
SESS-11107;2026-08-31 12:27:00;USR-1052;15;VIP;1;0;180;Card;Cyberpunk 2077;4.5;1
SESS-16119;2026-08-26 21:51:00;USR-1633;14;VIP;~1;180;200;Card;Dota 2;5.0;0
SESS-11713;2026-08-11 10:19:00;USR-1119;19;PS5;2;0;450;;CS2;4.5;1
SESS-13911;2026-08-21 04:08:00;USR-1205;34;Bootcamp;3;0;450;Card;Dota 2;5.0;0
SESS-16073;2026-08-25 21:26:00;USR-1062;22;Standard;3;240;300;App;PUBG;4.0;0
SESS-10715;2026-08-09 22:59:00;USR-1794;26;VIP;2;0;400;App;Dota 2;4.0;0
SESS-10552;2026-08-02 06:26:00;USR-1487;16;Bootcamp;5;0;675;Card;CS2;4.0;1
SESS-11439;2026-08-29 03:10:00;USR-1211;26;Standard;2;0;18О;Cash;Apex Legends;4.5;1
SESS-12270;2026-08-25 02:02:00;USR-1132;17;Standard;1;120;100;Card;Dota 2;1.0;0
;2026-08-27 07:21:00;;15;Standard;3;0;300;Card;Valorant;4.5;0
SESS-17201;2026-08-13 19:21:00;USR-1540;26;Standard;2;240;200;Card;GTA V;4.0;0
SESS-11925;2026-08-30 17:57:00;USR-1679;15;Standard;5;0;5ОО;Card;GTA V;3.0;0
SESS-10634;2026-08-27 13:20:00;USR-1432;21;VIP;1;220;200;App;Browser/Work;5.0;0
SESS-10316;2026-08-30 13:43:00;USR-1681;27;VIP;2;200;400;App;Minecraft;4.0;0
SESS-17085;2026-08-23 02:16:00;USR-1265;14;VIP;3;0;600;App;CS2;2.0;0
SESS-15424;2026-08-17 22:13:00;USR-1749;14;Standard;2;0;200;Card;Dota 2;5.0;0
SESS-10427;2026-08-01 04:26:00;USR-1401;14;Standard;3;0;300;Card;CS2;5.0;0
SESS-15594;2026-08-16 14:30:00;USR-1423;17;Standard;2;0;180;Card;Valorant;;1
SESS-10105;2026-08-30 16:47:00;USR-1071;14;Bootcamp;4;0;600;Card;CS2;4.0;0
SESS-13041;2026-08-01 11:34:00;USR-1575;16;Standard;1;200;100;Card;CS2;3.0;0
SESS-14238;2026-08-11 11:46:00;USR-1315;17;Standard;~3;0;270;Card;Valorant;4.5;1
SESS-12169;2026-08-30 02:53:00;USR-1671;20;VIP;2;0;360;Card;CS2;1.0;1
SESS-11709;2026-08-10 18:57:00;USR-1138;19;Bootcamp;5;0;750;Card;CS2;4.5;0
SESS-10089;2026-08-24 13:07:00;USR-1255;18;Bootcamp;5;350;675;App;Dota 2;5.0;1
SESS-12241;2026-08-03 04:15:00;USR-1033;20;VIP;2;350;400;Card;CS2;4.0;0
SESS-13174;2026-08-16 06:33:00;USR-1169;15;Bootcamp;3;0;450;App;Valorant;4.5;0
SESS-15627;2026-08-24 12:51:00;USR-1536;23;Standard;2;160;180;Card;Minecraft;5.0;1
SESS-11949;2026-08-11 21:07:00;USR-1696;21;Standard;3;150;270;App;Valorant;2.0;1
SESS-14044;2026-08-25 23:46:00;USR-1754;20;Standard;4;0;400;App;Apex Legends;4.5;0
SESS-12848;2026-08-26 10:36:00;USR-1339;18;Bootcamp;2;0;300;Card;CS2;2.0;0
SESS-10001;2026-08-30 08:30:00;USR-1622;3;Standard;999;0;200;Card;Minecraft;4.0;0
SESS-14337;2026-08-05 21:57:00;USR-1771;21;Standard;2;0;180;Card;Dota 2;5.0;1
SESS-10935;2026-08-01 02:18:00;USR-1386;21;Standard;2;0;200;Card;CS2;4.0;0
SESS-16463;2026-08-07 09:26:00;USR-1556;18;Standard;2;160;180;App;CS2;4.5;1
SESS-12720;2026-08-13 18:32:00;USR-1637;27;Bootcamp;3;0;450;App;Apex Legends;4.5;0
SESS-15205;2026-08-02 06:41:00;USR-1149;17;Standard;3;0;300;Card;CS2;5.0;0
SESS-15775;2026-08-26 09:26:00;USR-1524;3;Bootcamp;-2;0;405;Card;CS2;4.0;1
SESS-10591;2026-08-25 09:06:00;USR-1405;23;Standard;3;600;300;Card;CS2;5.0;0
SESS-15658;2026-08-25 17:36:00;USR-1651;18;Standard;2;160;200;Card;Dota 2;4.0;0
SESS-12936;2026-08-11 12:56:00;USR-1682;17;PS5;2;0;500;App;CS2;2.0;0
SESS-12448;2026-08-03 13:26:00;USR-1778;17;PS5;3;360;675;App;Dota 2;4.5;1
SESS-11576;2026-08-21 07:31:00;USR-1612;31;Standard;3;0;300;Card;Valorant;4.0;0
SESS-16071;2026-08-02 16:03:00;USR-1504;23;Standard;3;150;300;App;Deadlock;3.0;0
SESS-16299;2026-08-20 04:47:00;USR-1243;16;Standard;5;0;500;Card;CS2;5.0;0
SESS-10213;2026-08-10 01:52:00;USR-1271;18;PS5;3;0;675;Card;CS2;4.5;1
SESS-10778;2026-08-18 00:38:00;USR-1326;19;Standard;3;0;300;App;CS2;4.5;0
SESS-13496;2026-08-30 03:24:00;USR-1682;17;VIP;1;0;200;Card;CS2;2.0;0
SESS-15918;2026-08-26 06:54:00;USR-1379;18;Standard;2;160;200;Card;CS2;1.0;0
SESS-12043;2026-08-13 00:20:00;USR-1234;21;Bootcamp;4;0;600;Card;CS2;4.0;0
SESS-16842;2026-08-30 16:23:00;USR-1321;27;Standard;1;200;90;Card;Valorant;5.0;1
SESS-15420;2026-08-08 03:05:00;USR-1345;26;Bootcamp;3;700;450;App;PUBG;4.5;0
SESS-11567;2026-08-13 06:38:00;USR-1723;18;Standard;3;0;270;App;Dota 2;4.5;1
SESS-10165;2026-08-04 11:15:00;USR-1277;15;Standard;4;0;400;App;Valorant;1.0;0
SESS-14702;2026-08-17 00:46:00;USR-1040;16;Standard;1;120;100;Card;Minecraft;5.0;0
SESS-13566;2026-08-07 02:29:00;USR-1160;14;VIP;2;0;400;App;Apex Legends;4.0;0
SESS-16794;08/15/26;USR-1574;20;Standard;1;0;100;Card;CS2;5.0;0
SESS-17172;2026-08-21 20:06:00;USR-1675;22;VIP;2;500;400;Card;GTA V;4.0;0
SESS-15439;2026-08-14 17:23:00;USR-1602;15;Bootcamp;4;0;600;Cash;Dota 2;3.0;0
SESS-12013;2026-08-09 19:01:00;USR-1614;15;Bootcamp;1;0;150;App;Deadlock;4.0;0
SESS-10273;2026-08-15 16:04:00;USR-1241;14;Bootcamp;1;450;150;Card;PUBG;5.0;0
SESS-13860;2026-08-24 06:57:00;USR-1511;22;Bootcamp;2;340;300;Card;Valorant;5.0;0
SESS-14167;2026-08-26 15:08:00;USR-1166;26;Standard;5;1000;450;Card;Dota 2;5.0;1
SESS-11480;2026-08-14 02:47:00;USR-1249;16;Standard;1;120;90;Card;Cyberpunk 2077;4.0;1
SESS-13788;2026-08-23 23:00:00;USR-1670;22;Bootcamp;2;500;300;Card;CS2;4.5;0
SESS-15183;2026-08-29 22:09:00;USR-1245;19;Bootcamp;3;850;450;Card;Dota 2;5.0;0
SESS-10394;2026-08-15 00:36:00;USR-1200;14;Standard;2;240;200;App;Apex Legends;4.0;0
SESS-10583;2026-08-14 14:48:00;USR-1128;21;PS5;3;240;750;Card;Valorant;4.0;0
SESS-10230;2026-08-25 06:57:00;USR-1512;15;Bootcamp;3;340;450;Card;Apex Legends;4.5;0
SESS-11002;2026-08-17 11:06:00;USR-1369;20;Standard;1;80;100;Card;CS2;2.0;0
SESS-16994;2026-08-21 20:25:00;USR-1241;14;Standard;12;2400;1200;App;CS2;1.0;0
SESS-16199;2026-08-05 09:39:00;USR-1764;22;Standard;2;160;200;Card;Valorant;3.0;0
SESS-17214;2026-08-26 12:37:00;USR-1570;26;Standard;3;0;300;App;Dota 2;5.0;0
SESS-10520;2026-08-03 15:45:00;USR-1034;16;Bootcamp;2;0;300;Card;Dota 2;4.5;0
SESS-11763;2026-08-28 05:25:00;USR-1585;22;Standard;2;400;180;Card;Valorant;4.5;1
SESS-11875;2026-08-05 12:40:00;USR-1671;20;Standard;1;0;100;Card;CS2;4.0;0
SESS-15355;2026-08-01 16:53:00;USR-1600;20;Standard;3;0;270;App;Valorant;4.0;1
SESS-13965;2026-08-01 15:55:00;USR-1189;18;VIP;3;490;600;Card;GTA V;4.5;0
SESS-13344;2026-08-28 10:13:00;USR-1078;20;Bootcamp;8;1210;1200;Cash;Dota 2;4.0;0
SESS-12253;2026-08-18 17:28:00;USR-1277;15;Standard;2;0;200;Card;CS2;4.5;0
SESS-13224;2026-08-29 06:35:00;USR-1073;15;VIP;12;850;2400;Card;Valorant;3.0;0
SESS-10526;2026-08-03 16:11:00;USR-1190;26;Standard;2;0;200;Cash;CS2;5.0;0
SESS-12946;2026-08-26 15:14:00;USR-1705;20;VIP;8 часа;1700;1440;Card;CS2;5.0;1
SESS-14473;2026-08-07 11:40:00;USR-1269;22;Standard;1;80;100;Cash;Valorant;4.0;0
SESS-13899;2026-08-10 01:13:00;USR-1355;15;Standard;4;800;4ОО;Card;Apex Legends;4.5;0
SESS-10692;2026-08-24 16:44:00;USR-1490;19;Bootcamp;2;200;300;Card;GTA V;4.0;0
SESS-17129;2026-08-13 14:58:00;USR-1634;28;PS5;2;400;500;App;Minecraft;5.0;0
SESS-14444;2026-08-07 13:09:00;USR-1423;17;Standard;2;400;200;App;Deadlock;2.0;0
SESS-13633;2026-08-21 01:03:00;USR-1435;18;VIP;5;500;1000;Card;GTA V;2.0;0
SESS-11050;2026-08-05 18:28:00;USR-1757;21;VIP;2;350;360;App;Cyberpunk 2077;4.5;1
SESS-10590;2026-08-25 00:52:00;USR-1284;22;Standard;2;160;200;Card;Minecraft;5.0;0
SESS-10519;2026-08-14 00:09:00;USR-1773;19;Bootcamp;3;700;450;Card;Valorant;;0
SESS-13380;2026-08-19 08:10:00;USR-1195;16;Standard;3;0;300;Card;CS2;4.5;0
SESS-13676;2026-08-23 12:23:00;USR-1327;29;Bootcamp;2;200;300;Card;Apex Legends;4.5;0
SESS-16215;2026-08-08 02:35:00;USR-1391;20;PS5;3;0;750;Cash;Dota 2;5.0;0
SESS-15179;2026-08-20 10:40:00;USR-1251;14;VIP;3;490;600;Cash;CS2;4.0;0
SESS-11607;2026-08-03 00:01:00;USR-1629;22;Standard;4;0;400;Card;CS2;2.0;0
SESS-13610;2026-08-29 20:50:00;USR-1643;16;VIP;4;0;720;Card;CS2;4.0;1
SESS-17197;2026-08-13 01:35:00;USR-1731;19;VIP;1;150;200;Card;Dota 2;4.5;0
SESS-10509;2026-08-29 02:40:00;USR-1469;24;VIP;2;0;400;App;CS2;4.5;0
SESS-11809;2026-08-07 11:18:00;USR-1112;15;Standard;8;1600;800;Card;CS2;4.0;0
SESS-10791;2026-08-26 06:00:00;USR-1111;35;VIP;12;0;2400;App;Minecraft;5.0;0
SESS-10792;2026-08-06 21:04:00;USR-1344;18;Standard;2;0;180;Card;Minecraft;4.5;1
SESS-16203;2026-08-27 09:05:00;USR-1620;16;PS5;3;0;750;Card;Dota 2;4.0;0
SESS-11855;2026-08-04 10:29:00;USR-1529;16;Standard;4 ч.;0;400;App;Dota 2;4.5;0
SESS-11980;2026-08-14 13:38:00;USR-1105;19;Bootcamp;1;330;150;Card;PUBG;;0
SESS-13233;2026-08-18 02:11:00;USR-1450;19;Standard;1;120;100;App;PUBG;5.0;0
SESS-13598;2026-08-14 22:36:00;USR-1338;22;Standard;1;0;100;Card;CS2;4.0;0
SESS-10933;2026-08-18 01:22:00;USR-1501;16;Standard;12;960;1080;Card;Deadlock;3.0;1
;2026-08-20 05:31:00;;17;Bootcamp;2;0;270;Cash;Valorant;5.0;1
SESS-15603;2026-08-01 16:59:00;USR-1556;18;Bootcamp;8;0;1080;Card;Dota 2;5.0;1
SESS-15506;2026-08-20 16:30:00;USR-1303;27;Bootcamp;3;250;450;Cash;CS2;4.0;0
SESS-17004;2026-08-15 18:12:00;USR-1431;26;Bootcamp;12;0;1800;App;CS2;5.0;0
SESS-14179;2026-08-10 11:48:00;USR-1057;32;Bootcamp;2;0;300;Cash;CS2;4.0;0
SESS-14026;2026-08-11 01:39:00;USR-1629;22;Standard;4;0;400;Card;Dota 2;3.0;0
SESS-16683;2026-08-28 12:51:00;USR-1331;15;Standard;12;0;1200;App;Dota 2;4.0;0
SESS-14116;2026-08-30 07:21:00;USR-1468;32;Standard;2;0;200;Card;Dota 2;3.0;0
SESS-10988;2026-08-25 01:28:00;USR-1175;25;Standard;2;400;180;Cash;Valorant;5.0;1
SESS-15815;2026-08-24 22:10:00;USR-1414;17;Standard;2;0;180;Card;Dota 2;4.0;1
SESS-13453;08/27/26;USR-1367;24;VIP;2;0;360;Card;CS2;4.5;1
SESS-16891;2026-08-19 05:15:00;USR-1208;14;Standard;2;0;180;Card;CS2;4.0;1
SESS-13778;2026-08-15 15:13:00;USR-1172;23;Bootcamp;4;0;540;App;Dota 2;5.0;1
SESS-12582;2026-08-10 12:28:00;USR-1314;21;Standard;3;0;300;Card;Dota 2;1.0;0
SESS-13093;2026-08-10 13:14:00;USR-1542;23;Standard;1;80;100;Card;CS2;3.0;0
SESS-13155;2026-08-01 04:41:00;USR-1022;20;Standard;8;640;800;Card;Deadlock;2.0;0
SESS-15069;2026-08-18 15:05:00;USR-1279;16;Standard;2;100;200;Card;Deadlock;;0
SESS-13201;2026-08-04 05:45:00;USR-1284;22;VIP;3 часа;0;600;Card;Valorant;5.0;0
SESS-16088;2026-08-18 05:43:00;USR-1132;17;VIP;3;460;600;App;Deadlock;4.5;0
SESS-11098;2026-08-29 05:11:00;USR-1737;19;Standard;3;0;300;Card;Valorant;2.0;0
SESS-16267;2026-08-29 00:14:00;USR-1222;17;VIP;1;330;200;Card;Valorant;5.0;0
SESS-12844;2026-08-31 13:14:00;USR-1514;14;VIP;2;490;400;Card;Valorant;3.0;0
SESS-10886;2026-08-19 02:58:00;USR-1403;21;Bootcamp;1;0;150;Card;Minecraft;4.5;0
SESS-12344;2026-08-27 23:35:00;USR-1621;23;PS5;2;100;500;Card;CS2;3.0;0
SESS-15848;2026-08-06 13:55:00;USR-1214;25;Standard;4;200;400;Card;Minecraft;4.0;0
SESS-10515;2026-08-03 12:16:00;USR-1063;27;Standard;2;160;200;Card;Dota 2;4.5;0
SESS-16963;2026-08-15 12:56:00;USR-1385;18;Standard;2;240;180;Card;Dota 2;4.5;1
SESS-14833;2026-08-07 05:06:00;USR-1515;21;VIP;3;400;600;Card;Valorant;4.5;0
SESS-11453;2026-08-11 21:31:00;USR-1092;17;Standard;2;0;200;Card;Valorant;4.0;0
SESS-13553;2026-08-16 19:45:00;USR-1386;21;Standard;3;0;300;Cash;PUBG;2.0;0
SESS-13609;2026-08-04 10:50:00;USR-1101;18;Standard;1;200;100;;Cyberpunk 2077;3.0;0
SESS-14665;2026-08-06 03:46:00;USR-1214;25;Standard;3;0;3ОО;Card;CS2;4.0;0
SESS-12506;2026-08-09 03:07:00;USR-1472;17;Standard;5;0;500;App;Valorant;4.0;0
SESS-12994;2026-08-26 13:15:00;USR-1071;14;VIP;5;0;900;Card;CS2;2.0;1
SESS-13999;2026-08-08 04:49:00;USR-1736;23;VIP;4;0;800;App;Apex Legends;4.0;0
SESS-17150;04.08.2026;USR-1079;21;VIP;3;0;600;Card;CS2;5.0;0
SESS-10906;2026-08-02 08:55:00;USR-1314;21;Standard;4;0;400;App;CS2;4.0;0
SESS-10028;2026-08-22 14:10:00;USR-1182;16;VIP;~3;610;600;Card;Minecraft;1.0;0
SESS-16477;2026-08-23 18:45:00;USR-1733;22;Standard;3;0;300;Card;Minecraft;4.0;0
SESS-12507;2026-08-07 18:37:00;USR-1124;23;Bootcamp;3;0;450;Card;CS2;4.5;0
SESS-12428;2026-08-22 19:18:00;USR-1630;21;Standard;4;320;360;Card;CS2;5.0;1
SESS-15043;2026-08-15 19:56:00;USR-1466;31;PS5;2;400;500;App;Browser/Work;4.0;0
SESS-15346;2026-08-05 04:43:00;USR-1008;16;Bootcamp;1;450;150;Card;CS2;4.5;0
SESS-10762;2026-08-18 08:37:00;USR-1316;35;Bootcamp;8;0;1200;Card;CS2;4.0;0
SESS-13747;2026-08-21 14:42:00;USR-1455;31;VIP;3;0;540;Card;CS2;4.0;1
SESS-14811;2026-08-15 21:39:00;USR-1173;15;Standard;5;250;500;Card;Minecraft;5.0;0
SESS-10284;2026-08-21 01:40:00;USR-1444;19;Bootcamp;2;0;300;App;CS2;4.5;0
SESS-10686;2026-08-13 23:44:00;USR-1440;16;VIP;2;260;400;Card;Cyberpunk 2077;4.5;0
SESS-16974;2026-08-18 19:36:00;USR-1420;14;Standard;1;0;100;Card;CS2;5.0;0
SESS-12353;2026-08-08 15:05:00;USR-1272;14;VIP;2;0;400;Cash;Valorant;4.0;0
SESS-16069;2026-08-17 17:35:00;USR-1079;21;Standard;12;2400;1200;Cash;CS2;4.5;0
SESS-16485;2026-08-08 05:12:00;USR-1670;22;Bootcamp;2;0;300;Card;Valorant;3.0;0
SESS-10021;2026-08-15 01:23:00;USR-1786;24;Standard;1;0;100;Card;Minecraft;4.5;0
SESS-12752;2026-08-23 11:47:00;USR-1352;29;Standard;2;0;180;Card;Minecraft;5.0;1
SESS-10885;2026-08-19 00:27:00;USR-1271;18;Standard;5;1000;500;App;CS2;5.0;0
SESS-10917;2026-08-05 22:33:00;USR-1780;22;Bootcamp;12;0;1800;Card;CS2;5.0;0
SESS-11040;2026-08-22 11:14:00;USR-1322;36;Standard;3;0;300;Card;CS2;5.0;0
SESS-15983;2026-08-14 12:49:00;USR-1024;17;Standard;1;80;100;App;PUBG;5.0;0
SESS-11265;2026-08-19 06:21:00;USR-1444;19;;Standard;3;240;Card;Dota 2;4.5;0
SESS-14579;2026-08-10 07:43:00;USR-1250;20;PS5;3;240;750;Card;Apex Legends;4.0;0
SESS-16533;2026-08-17 12:42:00;USR-1775;32;VIP;2;0;400;App;CS2;4.0;0
SESS-17017;2026-08-23 11:34:00;USR-1049;29;PS5;1;0;225;App;Dota 2;4.0;1
SESS-10277;2026-08-18 17:43:00;USR-1186;21;PS5;2;0;500;Card;Dota 2;4.5;0
SESS-15084;2026-08-31 22:31:00;USR-1474;28;ps5;2;400;200;Card;Valorant;4.5;0
SESS-12084;2026-08-30 21:07:00;USR-1276;140;Standard;999;0;300;Card;Apex Legends;4.0;0
SESS-11245;2026-08-09 15:05:00;USR-1083;16;Standard;3;150;270;Card;Dota 2;4.0;1
SESS-12382;2026-08-22 04:33:00;USR-1536;23;PS5;2;160;450;Cash;CS2;4.0;1
SESS-10571;2026-08-16 18:46:00;USR-1215;32;Standard;8;640;800;Card;Dota 2;4.5;0
SESS-11435;2026-08-18 20:06:00;USR-1193;19;VIP;2;0;400;App;Apex Legends;1.0;0
SESS-13902;2026-08-05 09:54:00;USR-1290;31;Standard;3;0;300;Card;CS2;1.0;0
SESS-15089;2026-08-04 19:34:00;USR-1447;20;Standard;3;360;300;App;Deadlock;4.0;0
SESS-11247;2026-08-03 20:46:00;USR-1435;18;PS5;3;0;750;Card;Apex Legends;;0
SESS-15655;2026-08-12 05:32:00;USR-1543;24;VIP;3;490;600;Card;Dota 2;4.0;0
SESS-14681;2026-08-03 08:18:00;USR-1509;16;Standard;3;600;300;App;Dota 2;4.0;0
SESS-13526;2026-08-16 21:45:00;USR-1173;15;VIP;4;0;800;Card;CS2;4.0;0
SESS-12514;2026-08-15 20:50:00;USR-1374;18;Standard;3;0;270;App;CS2;5.0;1
SESS-15445;2026-08-25 00:30:00;USR-1759;20;Standard;2;160;200;Card;Dota 2;4.5;0
SESS-11007;2026-08-17 12:16:00;USR-1395;36;Standard;2;0;180;Card;Dota 2;3.0;1
SESS-14770;2026-08-21 22:07:00;USR-1592;20;Bootcamp;4;0;600;App;Valorant;4.5;0
SESS-14543;2026-08-23 14:20:00;USR-1122;22;PS5;2;240;500;Cash;Apex Legends;4.0;0
SESS-15679;2026-08-26 01:00:00;USR-1653;31;Standard;2;240;200;App;CS2;4.5;0
SESS-16538;2026-08-02 20:16:00;USR-1013;22;Bootcamp;1;180;150;Cash;CS2;4.5;0
SESS-12064;2026-08-19 06:26:00;USR-1180;17;Standard;3;0;300;Card;Valorant;4.0;0
SESS-15352;2026-08-08 07:30:00;USR-1217;14;VIP;8;0;1440;App;Dota 2;4.5;1
SESS-16081;2026-08-04 07:25:00;USR-1226;38;PS5;2;0;500;Card;Valorant;4.5;0
SESS-11690;2026-08-17 15:13:00;USR-1156;45;Standard;1;0;100;App;Valorant;4.0;0
SESS-16516;2026-08-22 15:58:00;USR-1163;14;Standard;1;0;100;Card;PUBG;5.0;0
SESS-16853;2026-08-08 08:51:00;USR-1685;23;Bootcamp;2;410;270;Card;Minecraft;4.0;1
SESS-15343;2026-08-31 19:36:00;USR-1749;14;Standard;1;0;100;Cash;CS2;4.0;0
;2026-08-16 13:43:00;;14;Standard;2;160;200;App;Valorant;3.0;0
SESS-10294;2026-08-02 21:47:00;USR-1678;14;Bootcamp;2;0;300;Card;Deadlock;4.5;0
SESS-11547;2026-08-01 04:04:00;USR-1061;16;VIP;3;0;540;;Valorant;5.0;1
SESS-12012;2026-08-08 17:02:00;USR-1106;15;VIP;4;0;720;App;Minecraft;3.0;1
SESS-10588;2026-08-23 18:12:00;USR-1514;14; Bootcamp ;12;960;3000;Cash;Dota 2;5.0;0
SESS-13329;2026-08-09 16:36:00;USR-1142;16;Standard;2;160;200;Card;Deadlock;4.0;0
SESS-12403;2026-08-30 17:58:00;USR-1356;16;Standard;3;0;300;Card;Valorant;5.0;0
SESS-12129;2026-08-24 20:44:00;USR-1774;19;Standard;1;0;100;Card;CS2;4.0;0
SESS-13998;02.08.2026;USR-1036;18;Standard;1;50;100;Card;CS2;1.0;0
SESS-16609;2026-08-03 21:22:00;USR-1200;14;Bootcamp;1;0;150;Card;CS2;5.0;0
SESS-13741;2026-08-11 03:23:00;USR-1458;16;Bootcamp;2;0;300;Card;CS2;4.0;0
SESS-13508;2026-08-21 13:54:00;USR-1276;36;Standard;2;0;200;App;PUBG;3.0;0
SESS-12719;2026-08-19 15:58:00;USR-1311;20;Standard;1;0;100;Card;GTA V;4.0;0
SESS-14521;2026-08-11 00:43:00;USR-1468;32;Standard;4;320;400;Card;GTA V;4.0;0
SESS-15150;2026-08-25 05:23:00;USR-1648;15;Bootcamp;3;0;450;Card;CS2;4.5;0
SESS-15364;2026-08-20 15:07:00;USR-1087;16;Bootcamp;3;0;450;App;CS2;4.5;0
SESS-16880;2026-08-25 00:57:00;USR-1361;20;Standard;2;0;200;Card;CS2;4.0;0
SESS-10556;2026-08-09 19:49:00;USR-1728;17;Bootcamp;5;1100;750;Card;Dota 2;2.0;0
SESS-14795;2026-08-08 02:18:00;USR-1404;15;Standard;3;0;270;Card;Dota 2;5.0;1
SESS-12469;2026-08-03 22:39:00;USR-1031;24;Standard;1;0;100;Card;CS2;4.0;0
SESS-13738;2026-08-26 07:10:00;USR-1603;14;Standard;2;100;180;;CS2;3.0;1
;2026-08-15 13:41:00;USR-1169;15;Standard;3;240;300;Card;CS2;4.0;0
SESS-16210;2026-08-31 04:59:00;USR-1396;15;Standard;1;0;100;Card;Valorant;4.5;0
SESS-15289;2026-08-23 08:11:00;USR-1512;15;Standard;3;0;300;Card;Apex Legends;4.0;0
SESS-11716;2026-08-27 19:14:00;USR-1095;20;Standard;3;0;300;Card;Valorant;4.5;0
SESS-12604;2026-08-15 00:01:00;USR-1403;21;Bootcamp;1;300;150;Card;Dota 2;4.0;0
SESS-16221;2026-08-11 21:45:00;USR-1407;19;Standard;1;0;100;Card;CS2;4.5;0
SESS-11704;2026-08-16 02:42:00;USR-1685;23;Standard;1;80;100;Card;Dota 2;4.0;0
SESS-12139;2026-08-02 03:53:00;USR-1215;32;PS5;1;200;225;Cash;Dota 2;4.0;1
SESS-13239;2026-08-30 03:33:00;USR-1700;17;Standard;3;600;300;App;CS2;4.0;0
SESS-12383;2026-08-14 15:21:00;USR-1149;17;PS5;1;200;250;App;Browser/Work;4.5;0
SESS-14311;2026-08-27 08:58:00;USR-1625;21;Standard;1;200;90;App;Minecraft;5.0;1
SESS-11285;2026-08-18 19:52:00;USR-1753;22;Standard;2;240;200;Card;Deadlock;4.5;0
SESS-16426;2026-08-19 02:32:00;USR-1708;24;Standard;3;0;300;App;Dota 2;4.0;0
SESS-16742;2026-08-12 02:05:00;USR-1186;21;VIP;8;0;1600;Card;Dota 2;4.0;0
SESS-13930;2026-08-05 22:59:00;USR-1358;16;Standard;3;0;300;Card;PUBG;4.0;0
;2026-08-15 16:58:00;;21;Standard;2;0;200;Card;Apex Legends;4.5;0
SESS-11591;2026-08-10 06:15:00;USR-1239;24;Bootcamp;3;700;450;App;Dota 2;4.5;0
SESS-17086;2026-08-22 17:34:00;USR-1630;21;Standard;4;200;400;App;Cyberpunk 2077;4.5;0
SESS-16686;2026-08-23 11:08:00;USR-1431;26;Standard;2;240;200;Card;Valorant;4.5;0
SESS-12162;2026-08-24 05:09:00;USR-1365;24;Bootcamp;2;0;300;App;CS2;4.0;0
SESS-12396;2026-08-08 17:53:00;USR-1198;20;Standard;12;2400;1200;Card;Valorant;4.5;0
SESS-10317;2026-08-12 05:48:00;USR-1143;21;PS5;2;240;500 руб.;Card;CS2;4.5;0
SESS-16773;2026-08-04 02:55:00;USR-1467;15;Standard;1;0;90;Card;CS2;4.5;1
SESS-13111;2026-08-13 19:26:00;USR-1167;17;Bootcamp;12;0;1800;Card;CS2;4.0;0
SESS-15233;2026-08-09 03:51:00;USR-1510;17;;Standard;2;0;App;Valorant;3.0;1
SESS-16025;2026-08-01 17:35:00;USR-1604;18;Standard;2;400;200;Card;CS2;5.0;0
SESS-17322;2026-08-25 15:45:00;USR-1451;25; standard ;2;410;400;App;Deadlock;4.5;0
SESS-14036;2026-08-16 08:22:00;USR-1454;18;Bootcamp;3;0;450;App;CS2;4.0;0
SESS-10795;2026-08-24 23:43:00;USR-1362;17;Standard;1;0;100;Card;CS2;4.0;0
SESS-13020;2026-08-07 06:46:00;USR-1154;22;Standard;2;240;200;App;PUBG;3.0;0
SESS-11711;2026-08-26 16:26:00;USR-1068;18;Standard;1;0;90;Card;CS2;4.0;1
SESS-13387;2026-08-09 23:11:00;USR-1790;23;Standard;1;0;100;Card;Dota 2;5.0;0
SESS-10036;2026-08-05 09:03:00;USR-1066;16;Standard;12;2400;1200;Card;Apex Legends;4.5;0
SESS-14549;2026-08-30 11:55:00;USR-1564;32;PS5;3;0;675;Card;Deadlock;4.0;1
SESS-10913;2026-08-25 10:09:00;USR-1413;15;Standard;2;0;180;App;Minecraft;4.5;1
SESS-15295;2026-08-20 20:09:00;USR-1431;26;Standard;4;480;360;Cash;CS2;5.0;1
SESS-13972;2026-08-22 22:25:00;USR-1697;36;Standard;3;360;300;Card;CS2;;0
SESS-15370;2026-08-09 13:45:00;USR-1435;18;ps5;4;0;400;Card;CS2;4.5;0
SESS-14133;2026-08-27 19:58:00;USR-1485;17;Bootcamp;3;0;450;App;CS2;5.0;0
SESS-10974;2026-08-03 22:29:00;USR-1371;16;Bootcamp;3;340;450;Card;Dota 2;4.0;0
SESS-10983;2026-08-22 05:57:00;USR-1066;16;Standard;3;0;300;Card;Valorant;4.0;0
SESS-16160;2026-08-19 00:29:00;USR-1796;26;VIP;2;0;360;Cash;Valorant;3.0;1
SESS-11418;2026-08-12 23:38:00;USR-1236;21;Standard;2;0;200;Card;Dota 2;5.0;0
SESS-11560;2026-08-21 13:24:00;USR-1764;22;VIP;12;0;2160;App;CS2;4.0;1
SESS-14135;2026-08-31 01:36:00;USR-1531;22;Standard;3;360;300;App;Valorant;4.0;0
SESS-15582;2026-08-03 02:58:00;USR-1742;22;VIP;2;0;400;Card;Valorant;3.0;0
SESS-16014;2026-08-15 01:16:00;USR-1678;14;VIP;8;0;1440;App;Valorant;4.0;1
SESS-14265;2026-08-31 10:19:00;USR-1512;15;Standard;5;0;450;Cash;Dota 2;5.0;1
SESS-11355;2026-08-23 14:13:00;USR-1169;15;Standard;4;200;400;App;Dota 2;4.5;0
SESS-17064;2026-08-04 18:55:00;USR-1488;16;Standard;1;0;100;App;CS2;4.0;0
SESS-17153;2026-08-20 03:51:00;USR-1617;22;Bootcamp;3;0;450;Card;CS2;4.5;0
SESS-10987;2026-08-19 16:57:00;USR-1318;35;Bootcamp;2;0;300;Card;CS2;4.5;0
SESS-12682;2026-08-29 03:22:00;USR-1484;24;Bootcamp;3;0;405;App;CS2;4.0;1
SESS-15047;2026-08-17 01:59:00;USR-1022;20;Standard;8;0;800;Card;CS2;3.0;0
SESS-11640;2026-08-19 23:26:00;USR-1388;23;Standard;2;100;200;App;Valorant;4.0;0
SESS-11290;2026-08-18 00:31:00;USR-1736;23;VIP;3;0;600;Card;Dota 2;1.0;0
SESS-13681;2026-08-27 22:42:00;USR-1205;34;PS5;3;0;750;Card;CS2;2.0;0
SESS-11380;2026-08-10 17:41:00;USR-1107;16;VIP;3;400;600;Cash;Apex Legends;4.0;0
SESS-11933;2026-08-22 10:46:00;USR-1510;17;Bootcamp;12;0;1800;Card;Dota 2;5.0;0
SESS-14675;2026-08-19 02:53:00;USR-1787;17;Standard;2;240;2ОО;Card;Minecraft;4.5;0
SESS-16348;2026-08-04 03:05:00;USR-1654;25;Standard;1;0;100;Card;Dota 2;4.0;0
SESS-13160;2026-08-04 17:50:00;USR-1162;32;PS5;2;0;450;App;CS2;5.0;1
SESS-12030;2026-08-11 06:58:00;USR-1101;18;Standard;2;100;200;Card;CS2;4.5;0
SESS-10892;2026-08-28 21:38:00;USR-1147;29;Standard;8;1600;800;Cash;CS2;4.0;0
SESS-14876;2026-08-01 02:22:00;USR-1524;29;VIP;3;400;600;App;CS2;5.0;0
SESS-14069;2026-08-07 12:36:00;USR-1230;17;Bootcamp;3;0;450;Card;Dota 2;4.0;0
SESS-14255;2026-08-12 03:34:00;USR-1604;18;PS5;3;600;750;Card;Minecraft;5.0;0
SESS-10002;2026-08-22 02:24:00;USR-1776;16;Standard;3;0;300;Card;Dota 2;4.5;0
SESS-12109;2026-08-04 21:58:00;USR-1552;30;Standard;3;0;300;Card;CS2;5.0;0
SESS-10849;2026-08-20 08:10:00;USR-1352;29;Bootcamp;2;0;300;Card;Browser/Work;4.0;0
SESS-12737;2026-08-14 10:00:00;USR-1437;15;Bootcamp;2;490;300;App;Dota 2;5.0;0
SESS-12466;2026-08-27 13:30:00;USR-1628;14;Standard;4;480;400;App;Minecraft;3.0;0
SESS-11914;2026-08-15 19:07:00;USR-1222;17;Standard;2;240;180;Card;Dota 2;3.0;1
SESS-11596;2026-08-28 17:07:00;USR-1395;36;VIP;1;0;180;Card;Dota 2;3.0;1
SESS-11913;2026-08-20 01:37:00;USR-1651;18;Bootcamp;2;0;300;App;Valorant;3.0;0
SESS-15139;2026-08-16 04:58:00;USR-1133;19;Standard;4;320;400;Card;CS2;3.0;0
SESS-17104;2026-08-15 12:52:00;USR-1139;16;Standard;4;200;400;Card;CS2;5.0;0
SESS-15640;2026-08-18 02:13:00;USR-1013;22;Bootcamp;3;0;450;Card;Dota 2;5.0;0
SESS-12736;2026-08-24 08:17:00;USR-1144;14;PS5;4;0;1000;App;CS2;5.0;0
SESS-10726;2026-08-24 11:48:00;USR-1076;16;VIP;4;420;800;Card;CS2;5.0;0
SESS-10053;2026-08-03 20:26:00;USR-1310;22;Standard;2;0;200;Card;Valorant;4.0;0
SESS-11796;2026-08-26 17:46:00;USR-1037;38;Bootcamp;3;460;405;Card;Dota 2;4.0;1
SESS-13845;2026-08-23 05:39:00;USR-1098;20;Standard;5;0;500;Card;Dota 2;5.0;0
SESS-12553;2026-08-24 20:11:00;USR-1148;21;PS5;1;0;225;Card;CS2;5.0;1
SESS-12800;2026-08-21 04:16:00;USR-1096;28;Standard;3;0;300;Card;CS2;4.5;0
SESS-10936;2026-08-18 02:17:00;USR-1149;17;VIP;3;460;540;App;Apex Legends;3.0;1
SESS-16219;2026-08-16 19:43:00;USR-1312;25;Bootcamp;3;0;450;Card;CS2;2.0;0
SESS-10824;2026-08-02 22:04:00;USR-1007;17;Standard;1;0;100;Card;Minecraft;1.0;0
SESS-14321;2026-08-09 11:56:00;USR-1685;23;VIP;1;450;180;App;CS2;2.0;1
SESS-13401;2026-08-26 22:21:00;USR-1791;25;Standard;1;80;100;Card;Dota 2;4.0;0
SESS-11389;2026-08-03 14:08:00;USR-1089;17;PS5;1;0;250;Card;Valorant;4.5;0
SESS-13564;2026-08-01 01:18:00;USR-1382;33;VIP;3;0;600;Card;CS2;4.0;0
SESS-10884;2026-08-19 04:44:00;USR-1680;17;VIP;3;0;600;Card;CS2;3.0;0
SESS-15429;2026-08-01 08:15:00;USR-1123;14;Standard;1;0;90;Card;Apex Legends;5.0;1
SESS-15703;2026-08-03 03:31:00;USR-1532;27;VIP;8;0;1600;Card;Valorant;4.5;0
SESS-15690;2026-08-26 18:00:00;USR-1667;24;Bootcamp;2;490;270;Card;Dota 2;4.0;1
SESS-14867;2026-08-17 10:41:00;USR-1552;30;Bootcamp;1;180;150;Card;CS2;4.5;0
SESS-11868;2026-08-14 03:34:00;USR-1723;18;VIP;2;490;400;Card;Dota 2;4.0;0
SESS-15181;2026-08-15 18:46:00;USR-1008;16;Standard;2;160;200;Card;Dota 2;4.5;0
SESS-10010;2026-08-22 00:02:00;USR-1684;29;Standard;4;200;360;App;Dota 2;4.5;1
SESS-13415;2026-08-28 14:57:00;USR-1709;17;Standard;3;240;300;App;Dota 2;5.0;0
SESS-15421;2026-08-16 02:52:00;USR-1322;36;PS5;2;0;500;Card;CS2;3.0;0
SESS-11463;2026-08-28 12:30:00;USR-1380;28;Standard;1;0;100;App;Dota 2;4.0;0
SESS-10806;2026-08-15 02:45:00;USR-1755;28;Standard;2;160;200;Card;Dota 2;5.0;0
SESS-16151;2026-08-23 03:32:00;USR-1271;18;Standard;2;0;200;Card;Dota 2;3.0;0
SESS-15929;2026-08-25 21:04:00;USR-1321;27;Standard;3;600;300;Card;CS2;5.0;0
SESS-14068;2026-08-18 07:58:00;USR-1778;17;VIP;8;0;1600;Card;CS2;3.0;0
SESS-12108;2026-08-17 10:01:00;USR-1322;36;Standard;1;120;90;App;CS2;4.5;1
SESS-16368;2026-08-18 19:37:00;USR-1138;19;PS5;2;160;500;Card;Dota 2;3.0;0
SESS-16281;2026-08-14 20:43:00;USR-1181;16;Standard;2;0;200;Card;Valorant;;0
SESS-12234;2026-08-11 17:40:00;USR-1147;29;VIP;5;0;1000;App;PUBG;2.0;0
SESS-10963;2026-08-27 18:30:00;USR-1727;25;Standard;8;1600;720;App;Dota 2;4.5;1
;2026-08-21 19:41:00;USR-1338;22;Bootcamp;5;500;750;Card;PUBG;4.0;0
SESS-12632;2026-08-25 05:12:00;USR-1175;25;Standard;2;0;200;Cash;Minecraft;4.0;0
SESS-10704;2026-08-12 11:59:00;USR-1068;18;Standard;3;0;300;Card;Dota 2;5.0;0
SESS-10431;2026-08-26 01:16:00;USR-1703;20;Bootcamp;8;0;1200;Cash;Valorant;5.0;0
SESS-14388;2026-08-01 20:12:00;USR-1166;26;Bootcamp;1;300;150;Card;Apex Legends;5.0;0
SESS-10145;2026-08-03 21:00:00;USR-1487;16;Standard;3;0;300;App;Dota 2;4.5;0
SESS-12033;2026-08-28 08:15:00;USR-1324;14;Standard;2;0;200;Card;Apex Legends;2.0;0
SESS-16332;2026-08-19 00:22:00;USR-1717;17;Standard;1;0;100;Card;Dota 2;5.0;0
SESS-11165;2026-08-16 16:04:00;USR-1625;21;Bootcamp;1;450;150;Card;Dota 2;;0
SESS-13500;2026-08-03 20:14:00;USR-1661;34;VIP;2;0;400;Card;Dota 2;4.0;0
SESS-12050;2026-08-31 15:39:00;USR-1030;18;Standard;3;0;300;App;Dota 2;3.0;0
SESS-13760;2026-08-14 21:02:00;USR-1120;28;ps5;3;360;300;Card;Valorant;4.0;0
SESS-12624;2026-08-06 04:54:00;USR-1039;20;Standard;1;0;100;App;PUBG;4.0;0
SESS-14484;2026-08-20 13:43:00;USR-1591;20;Standard;3;0;300;App;Deadlock;4.0;0
SESS-14435;2026-08-29 21:04:00;USR-1119;19;VIP;4;0;800;Card;Minecraft;4.0;0
SESS-16009;2026-08-27 16:31:00;USR-1293;27;Standard;1;0;100;Card;Deadlock;5.0;0
SESS-15844;2026-08-18 02:36:00;USR-1236;21;Standard;2;0;180;Card;Valorant;4.5;1
SESS-14361;2026-08-14 12:46:00;USR-1090;27;Bootcamp;1;330;150;Card;Valorant;4.0;0
SESS-12424;2026-08-15 05:38:00;USR-1275;24;Standard;2;160;200;App;Dota 2;4.5;0
SESS-11262;2026-08-10 19:21:00;USR-1455;31;Standard;1;200;100;Card;CS2;3.0;0
SESS-11771;2026-08-14 08:27:00;USR-1715;21;Standard;2;0;200;;Deadlock;4.0;0
SESS-13511;2026-08-16 02:04:00;USR-1728;17;VIP;3;460;600;Card;Deadlock;4.5;0
SESS-10271;2026-08-15 15:44:00;USR-1563;41;Bootcamp;3;0;450;Card;Minecraft;3.0;0
SESS-14792;2026-08-03 00:02:00;USR-1326;19;VIP;3;460;540;Card;PUBG;4.0;1
SESS-10996;2026-08-18 11:39:00;USR-1249;16;Standard;2;0;200;App;Minecraft;4.0;0
SESS-10244;2026-08-08 02:53:00;USR-1345;26;PS5;5;0;1250;Cash;CS2;1.0;0
SESS-17315;2026-08-27 22:05:00;USR-1513;32;Standard;12;2400;1200;Card;Valorant;5.0;0
SESS-14572;2026-08-12 10:38:00;USR-1442;22;Standard;4;200;400;Card;GTA V;4.5;0
SESS-12032;2026-08-08 01:59:00;USR-1112;15;Bootcamp;4;730;540;Card;Dota 2;3.0;1
SESS-16955;2026-08-09 20:12:00;USR-1654;25;VIP;2;340;400;Card;CS2;3.0;0
SESS-16206;2026-08-08 22:53:00;USR-1717;17;Standard;2;240;180;App;CS2;4.5;1
SESS-10813;2026-08-13 07:03:00;USR-1127;17;;VIP;2;650;App;CS2;4.0;0
SESS-13810;2026-08-16 03:25:00;USR-1600;20;PS5;1;120;250;Card;Dota 2;4.5;0
SESS-17307;2026-08-13 10:49:00;USR-1715;21;VIP;2;650;360;Card;CS2;1.0;1
SESS-17081;2026-08-10 02:18:00;USR-1600;20;Standard;1;50;90;Card;Dota 2;4.0;1
SESS-16125;2026-08-24 09:41:00;USR-1294;14;VIP;3;0;600;Card;Valorant;5.0;0
SESS-11804;2026-08-02 13:57:00;USR-1597;25;Bootcamp;1;300;135;App;Valorant;4.5;1
SESS-16411;2026-08-12 23:48:00;USR-1271;18;Bootcamp;2;0;300;Card;Dota 2;4.0;0
SESS-14346;2026-08-06 08:47:00;USR-1512;15;Standard;2;0;200;Card;CS2;5.0;0
SESS-12461;2026-08-21 10:04:00;USR-1267;16;Bootcamp;2;0;270;App;GTA V;1.0;1
SESS-10545;2026-08-08 02:17:00;USR-1723;18;Standard;4;0;400;Card;Minecraft;4.5;0
SESS-13241;2026-08-03 15:57:00;USR-1284;22;PS5;3;0;750;Card;CS2;5.0;0
SESS-10738;2026-08-28 21:06:00;USR-1133;19;VIP;5;0;1000;Card;Apex Legends;3.0;0
SESS-10310;2026-08-19 02:06:00;USR-1368;18;VIP;2;0;400;Card;CS2;4.5;0
SESS-13521;2026-08-19 02:02:00;USR-1762;22;VIP;4;0;800;Card;Dota 2;3.0;0
SESS-11131;2026-08-10 16:17:00;USR-1512;15;VIP;4;0;800;App;Valorant;4.0;0
SESS-15545;2026-08-24 11:56:00;USR-1559;18;Bootcamp;2;0;300;Cash;CS2;4.5;0
SESS-11176;2026-08-30 04:23:00;USR-1597;25;Standard;8;0;800;App;Deadlock;4.5;0
SESS-14111;2026-08-09 06:01:00;USR-1411;16;Bootcamp;1;0;135;Card;Dota 2;5.0;1
SESS-12769;2026-08-09 10:19:00;USR-1568;21;Standard;2;0;200;App;CS2;4.5;0
SESS-10920;2026-08-05 04:32:00;USR-1639;21;Standard;2;0;200;Card;Deadlock;5.0;0
SESS-16321;2026-08-20 12:51:00;USR-1196;18;Standard;3;360;300;App;Dota 2;1.0;0
SESS-13587;2026-08-30 19:18:00;USR-1537;16;Standard;1;0;100;Card;Valorant;3.0;0
SESS-13959;2026-08-23 12:07:00;USR-1052;15;Bootcamp;2;0;300;App;Valorant;4.5;0
SESS-10038;2026-08-04 13:40:00;USR-1449;17;VIP;2;0;400;App;Apex Legends;5.0;0
SESS-14459;2026-08-14 10:43:00;USR-1431;26;Standard;1;0;100;App;CS2;4.0;0
SESS-14278;2026-08-09 11:51:00;USR-1237;14;Standard;4;0;400;App;Minecraft;4.5;0
SESS-12983;2026-08-11 04:39:00;USR-1376;16;VIP;3;490;600;Card;Apex Legends;5.0;0
SESS-15290;2026-08-09 01:32:00;USR-1405;23;Standard;1;0;100;App;Dota 2;4.5;0
SESS-14510;2026-08-30 08:55:00;USR-1015;23;VIP;2;0;360;App;Dota 2;4.5;1
SESS-15217;2026-08-13 09:12:00;USR-1167;17;Standard;3;0;300;Cash;Valorant;5.0;0
SESS-12667;2026-08-04 20:01:00;USR-1040;16;Standard;1;80;100;Card;Dota 2;4.0;0
SESS-13223;2026-08-28 15:52:00;USR-1199;26;Standard;3;150;300;Cash;Minecraft;5.0;0
SESS-11182;2026-08-22 03:54:00;USR-1388;23;Standard;12;2400;1200;Card;Dota 2;3.0;0
SESS-16847;2026-08-01 17:47:00;USR-1194;14;Bootcamp;2;0;300;Cash;Minecraft;4.0;0
SESS-10614;2026-08-06 10:56:00;USR-1319;19;Standard;1;0;100;Card;Dota 2;4.0;0
SESS-12157;2026-08-04 06:29:00;USR-1049;29;Standard;3;0;300;Card;CS2;3.0;0
SESS-11466;2026-08-10 03:39:00;USR-1111;35;Bootcamp;2;0;300;Card;PUBG;3.0;0
SESS-14497;2026-08-22 12:06:00;USR-1516;26;VIP;2;0;360;;CS2;4.0;1
SESS-13042;2026-08-06 03:13:00;USR-1466;31;Standard;2;0;200;Card;CS2;4.0;0
SESS-10934;2026-08-29 08:02:00;USR-1034;16;Standard;1;0;90;Card;CS2;4.0;1
SESS-12419;2026-08-23 11:34:00;USR-1436;23;Standard;12;0;1200;Card;Minecraft;2.0;0
SESS-15085;2026-08-13 20:40:00;USR-1218;16;Standard;3;0;300;App;Browser/Work;4.5;0
SESS-16809;2026-08-01 09:08:00;USR-1517;24;VIP;1;150;200;Card;Dota 2;4.0;0
SESS-16113;2026-08-20 11:19:00;USR-1584;14;VIP;3;0;600;Card;Dota 2;4.0;0
SESS-14822;2026-08-15 04:27:00;USR-1479;18;;Standard;1;0;Card;CS2;5.0;0
SESS-10826;2026-08-02 22:31:00;USR-1682;17;Standard;3;240;270;Card;GTA V;5.0;1
SESS-11521;2026-08-21 13:32:00;USR-1244;26;Standard;3;0;300;Card;CS2;3.0;0
SESS-12930;14.08.2026;USR-1159;24;PS5;4;0;900;Card;Minecraft;4.0;1
SESS-14232;2026-08-26 06:09:00;USR-1509;16;VIP;2;200;400;App;CS2;4.5;0
SESS-10628;2026-08-17 04:22:00;USR-1670;22;Standard;3;0;300;App;Valorant;4.5;0
SESS-14430;2026-08-29 03:34:00;USR-1187;23;Standard;1;0;100;Card;CS2;4.0;0
SESS-13853;2026-08-08 10:29:00;USR-1329;22;Standard;1;0;100;Card;Valorant;2.0;0
SESS-10390;2026-08-27 19:21:00;USR-1084;23;Standard;2;0;200;Card;CS2;3.0;0
SESS-14345;2026-08-03 07:02:00;USR-1237;140;PS5;-2;120;250;Card;CS2;5.0;0
SESS-12249;2026-08-31 09:50:00;USR-1055;24;VIP;2;0;400;Cash;GTA V;4.5;0
SESS-13990;2026-08-21 09:46:00;USR-1195;16;Standard;3;600;300;Card;CS2;3.0;0
SESS-10400;2026-08-03 05:09:00;USR-1128;21;Standard;1;50;100;Card;CS2;4.5;0
SESS-14806;2026-08-30 05:49:00;USR-1585;22;PS5;1;0;250;Card;Dota 2;4.0;0
SESS-15135;2026-08-17 17:49:00;USR-1625;21;Bootcamp;12;0;1800;App;CS2;4.5;0
SESS-16094;2026-08-28 05:10:00;USR-1132;17;Standard;1;0;100;Cash;CS2;3.0;0
SESS-13359;2026-08-01 13:16:00;USR-1557;18;VIP;1;300;200;Card;Cyberpunk 2077;4.5;0
SESS-10046;2026-08-13 15:05:00;USR-1090;27;VIP;2;0;400;Card;CS2;4.0;0
SESS-15657;2026-08-04 09:09:00;USR-1436;23;Bootcamp;8;1210;1200;Card;Dota 2;5.0;0
SESS-17235;2026-08-20 12:18:00;USR-1220;22;VIP;4;0;800;App;Apex Legends;5.0;0
SESS-10332;2026-08-26 07:45:00;USR-1559;140;Bootcamp;-2;150;150;Cash;PUBG;4.5;0
SESS-13642;2026-08-13 09:06:00;USR-1183;22;Bootcamp;3;0;450;App;PUBG;4.5;0
SESS-13726;2026-08-20 11:30:00;USR-1555;22;PS5;4;200;1000;Card;CS2;4.0;0
SESS-16906;2026-08-21 02:28:00;USR-1090;27;Standard;3;0;300;Card;Dota 2;5.0;0
SESS-15208;2026-08-24 20:08:00;USR-1321;27;VIP;1;0;200;App;Dota 2;4.0;0
SESS-15319;2026-08-06 06:03:00;USR-1221;22;Standard;2;0;180;App;CS2;4.5;1
SESS-17319;2026-08-10 14:00:00;USR-1382;33;Standard;1;80;100;Card;Valorant;4.5;0
;2026-08-02 06:53:00;;24;Standard;4;0;400;App;Dota 2;4.5;0
SESS-15604;2026-08-07 18:30:00;USR-1413;15;Bootcamp;1;0;150;Card;Valorant;4.0;0
SESS-11750;2026-08-23 11:14:00;USR-1263;22;Standard;3;0;300;Cash;CS2;4.0;0
SESS-17291;2026-08-25 07:13:00;USR-1361;20;PS5;4;800;1000;Card;CS2;5.0;0
SESS-16442;2026-08-05 04:00:00;USR-1101;18;VIP;3;0;540;Card;Dota 2;3.0;1
SESS-14062;2026-08-15 07:55:00;USR-1567;26;Bootcamp;1;0;135;App;Dota 2;4.0;1
SESS-17136;2026-08-04 19:55:00;USR-1269;22;Standard;3;600;300;Card;Dota 2;4.0;0
SESS-10338;2026-08-25 23:11:00;USR-1415;20;PS5;2;0;500;Card;Minecraft;4.5;0
SESS-10215;2026-08-18 10:45:00;USR-1338;22;Standard;3;600;300;Card;Dota 2;4.5;0
SESS-13663;2026-08-08 14:42:00;USR-1473;17;PS5;1;0;250;Card;Valorant;5.0;0
SESS-11341;2026-08-20 21:49:00;USR-1260;21;Standard;2;100;200;Cash;CS2;4.5;0
SESS-16899;2026-08-16 08:58:00;USR-1056;20;Standard;2;160;200;App;CS2;3.0;0
SESS-17301;2026-08-28 23:04:00;USR-1666;16;VIP;2;0;360 ₽;Card;Dota 2;3.0;1
SESS-13894;2026-08-10 06:27:00;USR-1158;24;PS5;3;150;750;App;Apex Legends;5.0;0
SESS-13640;2026-08-08 16:35:00;USR-1123;14;Standard;12;600;1200;App;Valorant;3.0;0
SESS-10329;2026-08-24 12:16:00;USR-1747;25;Standard;2;160;180;App;CS2;5.0;1
SESS-15933;2026-08-26 23:03:00;USR-1771;21;VIP;2;500;400;Card;PUBG;4.0;0
SESS-13004;2026-08-10 04:02:00;USR-1263;22;PS5;2;0;500;Cash;CS2;1.0;0
SESS-17203;2026-08-30 22:55:00;USR-1043;22;VIP;3;0;600;App;Dota 2;4.0;0
SESS-13115;2026-08-02 16:30:00;USR-1774;19;PS5;12;1440;2700;Card;Dota 2;4.5;1
SESS-17294;2026-08-03 11:28:00;USR-1221;22;Bootcamp;2;0;300;App;Valorant;4.0;0
SESS-12322;2026-08-12 09:19:00;USR-1146;22;Bootcamp;2;650;300;App;Valorant;4.0;0
SESS-14197;2026-08-22 20:05:00;USR-1639;21;Standard;2;400;200;App;Dota 2;4.5;0
SESS-13549;2026-08-13 00:53:00;USR-1114;23;Standard;1;0;100;Card;CS2;4.0;0
SESS-11458;2026-08-16 09:08:00;USR-1041;26;Standard;5;0;500;Card;CS2;2.0;0
SESS-10171;2026-08-15 07:34:00;USR-1062;22;PS5;2;160;500;Card;GTA V;5.0;0
SESS-14203;2026-08-30 16:55:00;USR-1044;17;VIP;3;0;540;App;Minecraft;4.5;1
SESS-16318;2026-08-02 13:18:00;USR-1321;27;Standard;2;0;200;Card;CS2;2.0;0
SESS-13569;2026-08-28 16:17:00;USR-1362;17;Standard;2;240;200;Card;Dota 2;4.5;0
SESS-14226;2026-08-21 22:04:00;USR-1595;20;Standard;3;0;300;Card;CS2;4.5;0
SESS-15158;2026-08-11 07:11:00;USR-1577;23;Bootcamp;5;0;750;Card;Dota 2;5.0;0
SESS-16154;2026-08-09 18:33:00;USR-1349;20;Standard;3;0;300;Card;Dota 2;5.0;0
SESS-16214;2026-08-10 04:18:00;USR-1261;35;VIP;3 часа;700;600;Card;Dota 2;3.0;0
SESS-10938;2026-08-09 21:02:00;USR-1574;20;Standard;2;0;200;App;Valorant;4.5;0
SESS-10060;2026-08-29 14:25:00;USR-1447;20;Standard;4;0;360;Cash;Minecraft;4.0;1
SESS-11240;2026-08-17 13:36:00;USR-1001;16;Bootcamp;2;0;270;App;GTA V;3.0;1
SESS-15760;2026-08-12 21:34:00;USR-1048;20;Bootcamp;3;460;450;Card;CS2;4.5;0
SESS-15136;2026-08-07 12:03:00;USR-1004;31;PS5;2;240;500;Card;Dota 2;4.0;0
SESS-16304;2026-08-15 15:52:00;USR-1163;14;VIP;3;0;600;App;Dota 2;4.0;0
SESS-12120;2026-08-11 20:05:00;USR-1525;20;Standard;1;200;100;Cash;CS2;4.0;0
SESS-11524;2026-08-25 09:46:00;USR-1552;30;Standard;1;0;100;App;Minecraft;4.5;0
SESS-10153;2026-08-21 02:16:00;USR-1674;23;Standard;5;1000;500;Card;Apex Legends;4.5;0
SESS-10481;2026-08-09 20:02:00;USR-1626;14;Bootcamp;4;420;600;Card;CS2;5.0;0
SESS-14460;2026-08-21 10:39:00;USR-1431;26;Bootcamp;3;400;450;Card;CS2;4.0;0
SESS-13920;2026-08-30 09:10:00;USR-1176;20;Standard;2;0;180;Card;GTA V;3.0;1
SESS-11762;2026-08-31 04:22:00;USR-1547;23;VIP;4;0;800;App;Valorant;4.5;0
SESS-10750;2026-08-13 18:24:00;USR-1194;3;VIP;-2;0;720;Card;CS2;4.5;1
SESS-11785;2026-08-17 03:59:00;USR-1146;22;Standard;2;0;180;Card;PUBG;4.0;1
SESS-16273;2026-08-01 07:36:00;USR-1054;21;PS5;2;0;500;Card;Valorant;5.0;0
SESS-14501;2026-08-13 09:11:00;USR-1555;22;Standard;1;0;100;Card;CS2;5.0;0
SESS-14853;2026-08-22 04:16:00;USR-1108;33;Standard;2;160;200;Card;CS2;4.0;0
SESS-12711;2026-08-06 08:29:00;USR-1307;14;PS5;3;360;750;Card;CS2;4.0;0
SESS-16096;2026-08-22 19:42:00;USR-1198;20;Standard;4;0;400;Card;CS2;3.0;0
SESS-14193;2026-08-15 23:17:00;USR-1424;20;Bootcamp;1;450;135;Card;CS2;4.5;1
SESS-11333;2026-08-25 03:33:00;USR-1078;20;Standard;2;0;200;Card;Dota 2;3.0;0
SESS-16716;2026-08-07 16:51:00;USR-1018;26;Standard;1;0;100;Card;GTA V;4.0;0
SESS-12854;2026-08-01 06:42:00;USR-1589;19;VIP;3;490;600;Card;Apex Legends;5.0;0
SESS-10186;2026-08-19 18:09:00;USR-1324;14;Standard;3;0;300;Card;Valorant;4.5;0
SESS-11136;2026-08-31 23:44:00;USR-1520;26;VIP;1;0;200;Card;GTA V;4.5;0
SESS-12058;2026-08-17 00:18:00;USR-1028;31;VIP;1;0;180;App;Dota 2;3.0;1
SESS-16326;2026-08-22 19:21:00;USR-1691;22;PS5;2;0;500;Card;Dota 2;1.0;0
SESS-16649;2026-08-14 01:42:00;USR-1103;20;Bootcamp;1;0;135;App;Dota 2;2.0;1
SESS-10148;2026-08-07 22:09:00;USR-1532;27;Standard;4;0;400;App;CS2;4.0;0
SESS-14124;2026-08-16 11:42:00;USR-1080;29;PS5;1;50;250;Card;Dota 2;5.0;0
SESS-14889;2026-08-05 02:08:00;USR-1064;19;Standard;2;0;200;Card;Valorant;3.0;0
SESS-16108;2026-08-17 05:58:00;USR-1767;29;VIP;12;0;2400;App;CS2;4.5;0
SESS-13363;2026-08-17 03:27:00;USR-1240;21;Standard;2;400;200;Card;PUBG;4.5;0
SESS-14788;2026-08-07 10:05:00;USR-1011;39;PS5;2;160;500;Card;PUBG;3.0;0
SESS-12866;2026-08-19 20:59:00;USR-1658;20;Bootcamp;2;0;300;Card;Minecraft;4.0;0
SESS-13776;2026-08-10 13:54:00;USR-1355;15;VIP;3;0;600;Card;Dota 2;4.0;0
SESS-11386;2026-08-13 23:23:00;USR-1457;36;Bootcamp;2;500;300;Card;Dota 2;3.0;0
SESS-15941;2026-08-16 21:42:00;USR-1369;20;Bootcamp;3;610;450;Card;Valorant;4.5;0
SESS-17126;2026-08-11 19:50:00;USR-1481;32;Bootcamp;12;850;1620;Card;Valorant;4.0;1
SESS-16240;2026-08-25 07:30:00;USR-1056;20;Bootcamp;8;0;1080;App;Apex Legends;4.5;1
SESS-15695;2026-08-16 23:43:00;USR-1416;29; standard ;3;250;450;Cash;Valorant;5.0;0
SESS-13629;2026-08-10 16:09:00;USR-1165;14;Bootcamp;3;850;450;Card;CS2;4.0;0
SESS-16789;2026-08-15 21:02:00;USR-1125;30;Bootcamp;3;340;450;App;Minecraft;2.0;0
SESS-14797;2026-08-17 16:11:00;USR-1131;30;VIP;2;0;360;;Minecraft;4.5;1
SESS-13028;2026-08-08 23:43:00;USR-1192;38;Standard;2;0;200;Card;CS2;4.5;0
SESS-12969;2026-08-24 06:03:00;USR-1780;22;PS5;1;200;250;Card;GTA V;5.0;0
SESS-16562;2026-08-27 18:41:00;USR-1012;34;Bootcamp;3;340;450;Card;GTA V;3.0;0
SESS-11708;2026-08-10 13:26:00;USR-1437;15;;Standard;4;480;Card;Dota 2;4.5;1
SESS-12953;2026-08-20 02:52:00;USR-1427;21;Standard;12;0;1080;Card;Deadlock;3.0;1
SESS-10454;2026-08-29 02:02:00;USR-1705;20;Bootcamp;2;650;300;Card;Valorant;4.0;0
SESS-16308;2026-08-02 17:27:00;USR-1272;14;Standard;4;320;360;Card;Valorant;5.0;1
SESS-10609;2026-08-10 02:11:00;USR-1006;35;Bootcamp;2;0;300;Card;Browser/Work;4.0;0
SESS-14263;2026-08-27 01:34:00;USR-1474;28;VIP;3;400;540;Card;Dota 2;4.5;1
SESS-14826;2026-08-29 13:58:00;USR-1317;23;Standard;1;80;90;App;CS2;4.0;1
SESS-13641;2026-08-23 05:05:00;USR-1179;21;Standard;2 часа;0;200;Card;Dota 2;5.0;0
SESS-12074;2026-08-15 19:49:00;USR-1543;24;Bootcamp;2;0;270;Card;Cyberpunk 2077;4.0;1
SESS-14052;2026-08-27 22:43:00;USR-1008;16;Standard;4;0;400;Card;Minecraft;1.0;0
SESS-16675;2026-08-11 01:00:00;USR-1608;25;Standard;1;50;100;;CS2;3.0;0
SESS-11622;2026-08-20 10:29:00;USR-1676;14;PS5;5;1000;1125;Card;CS2;5.0;1
SESS-14683;2026-08-07 20:13:00;USR-1120;28;Standard;3;0;300;Card;Dota 2;4.0;0
SESS-15497;2026-08-24 14:26:00;USR-1296;17;Bootcamp;3;250;450;Card;CS2;4.0;0
SESS-15796;2026-08-21 06:27:00;USR-1678;14;Standard;2;0;180;Card;CS2;4.5;1
SESS-16612;2026-08-06 07:52:00;USR-1265;14;Standard;2;0;180;App;CS2;3.0;1
SESS-10040;2026-08-10 16:32:00;USR-1388;23;Standard;2;400;200;Card;CS2;4.5;0
SESS-15475;2026-08-24 07:39:00;USR-1679;15;VIP;8;890;1600;Card;CS2;3.0;0
SESS-12089;2026-08-03 19:00:00;USR-1693;31;Bootcamp;2;0;300;Card;Dota 2;4.0;0
SESS-13924;2026-08-23 18:22:00;USR-1141;24;Standard;8;0;800;App;Dota 2;4.0;0
SESS-12175;2026-08-16 05:40:00;USR-1218;16;Bootcamp;2;0;300;App;Minecraft;4.0;0
SESS-10074;2026-08-11 06:12:00;USR-1069;16;PS5;3;240;750;Card;Dota 2;4.5;0
SESS-16037;2026-08-07 05:06:00;USR-1601;27;VIP;2;0;360;Card;CS2;4.5;1
SESS-10263;2026-08-26 01:26:00;USR-1274;14;PS5;2;240;500;Card;CS2;4.0;0
SESS-12657;2026-08-11 02:48:00;USR-1462;18;Bootcamp;3;460;450;Card;CS2;4.5;0
SESS-13180;2026-08-26 21:53:00;USR-1228;19;Standard;1;0;100;Card;Valorant;3.0;0
SESS-12076;2026-08-03 08:52:00;USR-1040;16;PS5;4;480;1000;App;Minecraft;4.5;0
SESS-10441;2026-08-02 02:52:00;USR-1325;22;Standard;2;0;200;Card;CS2;4.0;0
SESS-12051;2026-08-27 04:01:00;USR-1635;22;Standard;3;0;300;App;Dota 2;5.0;0
SESS-12541;2026-08-23 15:05:00;USR-1699;29;PS5;2;400;500;;Dota 2;5.0;0
SESS-11301;2026-08-25 16:46:00;USR-1266;24;Standard;8;0;720;Card;CS2;3.0;1
SESS-14320;2026-08-30 07:46:00;USR-1691;22;Standard;4;320;400;Card;Dota 2;3.0;0
SESS-13430;2026-08-10 12:55:00;USR-1182;16;Bootcamp;2;0;300;App;CS2;5.0;0
SESS-11304;2026-08-18 18:16:00;USR-1216;20;VIP;2;500;360;App;Deadlock;3.0;1
SESS-10236;2026-08-04 05:13:00;USR-1364;14;Standard;1;120;100;Card;CS2;4.0;0
SESS-16455;2026-08-24 00:13:00;USR-1251;14;Standard;2;0;200;Card;Dota 2;5.0;0
SESS-12599;2026-08-29 23:09:00;USR-1479;18;Bootcamp;1;0;150;App;Dota 2;4.0;0
SESS-14616;2026-08-25 01:11:00;USR-1434;21;Standard;3;0;300;Card;CS2;4.5;0
SESS-12573;2026-08-13 11:06:00;USR-1227;24;VIP;3;850;600;Card;CS2;4.5;0
SESS-13280;2026-08-08 05:07:00;USR-1002;22;Bootcamp;2;0;300;Card;CS2;5.0;0
SESS-13186;2026-08-17 03:47:00;USR-1100;27;Standard;8;960;800;Card;Deadlock;4.0;0
SESS-13953;2026-08-22 19:28:00;USR-1476;16;Standard;2;0;200;App;Dota 2;2.0;0
SESS-12768;2026-08-29 13:40:00;USR-1768;22;PS5;3;240;750;App;CS2;4.5;0
SESS-14831;2026-08-03 20:43:00;USR-1382;33;Standard;1;50;100;App;Dota 2;3.0;0
SESS-14223;2026-08-31 00:26:00;USR-1157;25;VIP;3;0;540;Card;Apex Legends;3.0;1
SESS-12106;2026-08-22 07:59:00;USR-1378;21;VIP;12;2650;2400;Card;GTA V;4.5;0
SESS-12679;2026-08-18 09:19:00;USR-1038;26;Bootcamp;1;0;150;Card;Minecraft;4.5;0
SESS-12761;2026-08-27 22:31:00;USR-1013;22;Standard;3;0;270;Card;Apex Legends;4.5;1
SESS-14688;2026-08-23 22:58:00;USR-1720;27;Standard;3;360;300;Card;Dota 2;4.5;0
SESS-15399;2026-08-12 03:20:00;USR-1147;29;Bootcamp;4;0;600;Card;CS2;5.0;0
SESS-11387;2026-08-02 03:30:00;USR-1179;21;VIP;3;700;600;App;PUBG;4.0;0
SESS-17080;2026-08-25 01:31:00;USR-1551;15;PS5;3;0;750;App;Dota 2;4.0;0
SESS-16827;2026-08-22 09:39:00;USR-1072;15;VIP;2;0;400;Card;Deadlock;5.0;0
SESS-17225;2026-08-19 06:58:00;USR-1424;20;Standard;3;0;300;Card;PUBG;4.0;0
SESS-16494;2026-08-06 19:23:00;USR-1534;20;PS5;1;120;250;Card;Valorant;5.0;0
SESS-17278;2026-08-02 08:35:00;USR-1347;21;Standard;2;240;200;Card;Deadlock;3.0;0
SESS-15000;2026-08-02 10:17:00;USR-1659;30;Standard;1;0;100;Card;Valorant;4.5;0
SESS-15853;2026-08-23 20:51:00;USR-1120;28;Standard;1;0;100;Card;Dota 2;1.0;0
SESS-11279;2026-08-31 09:04:00;USR-1059;18;Bootcamp;4;0;540;Card;Browser/Work;2.0;1
SESS-16733;2026-08-18 17:01:00;USR-1410;25;Standard;2;0;180;App;Minecraft;4.0;1
SESS-10576;2026-08-19 05:36:00;USR-1027;35;Standard;4;0;400;Card;Dota 2;4.5;0
SESS-11555;2026-08-30 19:41:00;USR-1687;21;Standard;3;0;300;Card;CS2;4.5;0
SESS-16822;2026-08-25 12:45:00;USR-1177;22;PS5;4;480;1000;Card;CS2;3.0;0
SESS-13190;2026-08-17 00:12:00;USR-1220;22;Standard;2;240;200;App;GTA V;3.0;0
SESS-14566;2026-08-30 10:44:00;USR-1483;22;Standard;1;0;100;Card;GTA V;4.0;0
SESS-14802;2026-08-20 07:13:00;USR-1749;14;VIP;2;0;400;Card;Cyberpunk 2077;4.5;0
SESS-17075;2026-08-15 08:23:00;USR-1031;24;Standard;1;50;90;Card;Minecraft;2.0;1
SESS-14841;2026-08-12 10:31:00;USR-1128;21;Standard;5;0;500;App;CS2;5.0;0
SESS-13594;2026-08-26 13:36:00;USR-1649;16;Bootcamp;3;0;405;Card;Minecraft;5.0;1
SESS-16035;2026-08-26 06:27:00;USR-1118;14;Bootcamp;1;180;135;Card;Valorant;4.0;1
SESS-11920;2026-08-30 06:55:00;USR-1731;19;VIP;1;150;200;Card;Apex Legends;4.0;0
SESS-10513;2026-08-09 22:00:00;USR-1749;14;Standard;1;0;100;Card;CS2;5.0;0
SESS-14177;2026-08-02 09:47:00;USR-1525;20;VIP;1;0;200;Card;Dota 2;4.5;0
SESS-11308;2026-08-10 03:00:00;USR-1270;24;Standard;3;0;270;Card;CS2;1.0;1
SESS-15667;2026-08-23 01:40:00;USR-1656;35;VIP;2;0;400;Card;Valorant;4.5;0
SESS-10914;2026-08-13 06:47:00;USR-1412;34;Standard;2;0;180;Card;Deadlock;4.0;1
SESS-13452;08/13/26;USR-1475;26;VIP;2;0;400;Cash;Valorant;5.0;0
SESS-13695;2026-08-20 04:51:00;USR-1286;15;Standard;3;600;300;Cash;CS2;5.0;0
SESS-14242;2026-08-26 17:31:00;USR-1552;30;VIP;2;0;400;App;Dota 2;4.5;0
SESS-13156;2026-08-17 23:40:00;USR-1424;20;Standard;2;100;180;App;CS2;5.0;1
SESS-12198;2026-08-27 09:23:00;USR-1770;21;Standard;12;0;1200;Card;CS2;5.0;0
SESS-10774;2026-08-29 12:16:00;USR-1535;17;VIP;2;410;360 руб.;App;CS2;5.0;1
SESS-14425;2026-08-19 01:09:00;USR-1776;16;VIP;2;340;400;Card;PUBG;4.0;0
SESS-10943;2026-08-01 00:46:00;USR-1471;21;VIP;2;410;400;Card;Dota 2;4.5;0
SESS-10822;2026-08-14 15:09:00;USR-1165;14;Standard;1;0;90;App;Dota 2;3.0;1
SESS-15005;2026-08-10 07:52:00;USR-1744;33;Standard;3;0;300;Cash;CS2;4.0;0
SESS-14277;2026-08-20 01:55:00;USR-1547;23;Standard;2;0;200;Card;CS2;4.0;0
SESS-10164;2026-08-30 11:11:00;USR-1400;15;Standard;3;150;300;Card;PUBG;4.0;0
SESS-15619;2026-08-09 22:55:00;USR-1477;21;Standard;4;0;400;Card;PUBG;2.0;0
SESS-14547;2026-08-04 07:14:00;USR-1672;36;VIP;2;0;400;Card;Minecraft;2.0;0
SESS-13983;2026-08-15 17:08:00;USR-1564;32;Standard;1;0;100;Cash;Minecraft;5.0;0
SESS-12538;2026-08-07 09:22:00;USR-1648;15;VIP;1;0;200;Card;Deadlock;3.0;0
SESS-17192;2026-08-11 10:56:00;USR-1432;21;ps5;2;160;200;Cash;Valorant;4.5;0
SESS-11311;2026-08-28 08:19:00;USR-1660;18;Standard;2;240;200;App;CS2;5.0;0
SESS-15207;2026-08-07 21:51:00;USR-1243;16;VIP;4;0;800;App;CS2;4.0;0
SESS-16860;2026-08-14 11:55:00;USR-1505;28;Standard;1;0;90;Card;Valorant;4.0;1
SESS-15383;2026-08-14 05:28:00;USR-1573;23;PS5;3;240;750;;PUBG;4.5;0
SESS-16290;2026-08-28 13:47:00;USR-1596;18;VIP;2;200;400;Card;PUBG;5.0;0
SESS-16999;2026-08-05 21:18:00;USR-1391;20;Standard;3;0;300;Cash;CS2;2.0;0
SESS-13300;2026-08-22 19:39:00;USR-1587;17;VIP;8;0;1440;Card;GTA V;5.0;1
SESS-13310;2026-08-11 11:55:00;USR-1169;15;VIP;1;0;180;Card;PUBG;3.0;1
SESS-10327;2026-08-03 14:27:00;USR-1390;18;VIP;3;400;600;App;Dota 2;4.0;0
SESS-15886;2026-08-14 08:53:00;USR-1015;23;Standard;1;0;100;Card;Dota 2;4.0;0
SESS-12490;2026-08-09 17:32:00;USR-1612;31;Standard;2;160;200;App;CS2;1.0;0
SESS-15954;2026-08-19 21:09:00;USR-1072;15;VIP;3;0;600;Card;Apex Legends;1.0;0
SESS-17068;2026-08-13 08:52:00;USR-1046;20;Standard;2;100;180;Card;Minecraft;5.0;1
SESS-14408;2026-08-28 08:29:00;USR-1530;21;Standard;3;0;300;Card;Deadlock;4.5;0
SESS-10832;2026-08-14 07:54:00;USR-1468;32;VIP;3;400;600;App;Dota 2;4.0;0
SESS-13079;2026-08-02 02:05:00;USR-1634;28;Standard;1;50;100;Card;CS2;4.0;0
SESS-13462;2026-08-28 21:02:00;USR-1442;22;Standard;3;0;270;Card;Dota 2;4.5;1
SESS-15297;2026-08-03 04:18:00;USR-1356;16;Standard;1;0;90;Card;Minecraft;4.5;1
SESS-16613;2026-08-05 04:52:00;USR-1608;25;PS5;3;0;750;App;Dota 2;4.0;0
SESS-10054;2026-08-10 05:26:00;USR-1045;23;Bootcamp;4;0;600;Card;CS2;4.5;0
SESS-14064;2026-08-20 11:22:00;USR-1450;19;Bootcamp;3;460;450;Card;Valorant;4.5;0
;2026-08-09 06:01:00;USR-1348;20;VIP;3;340;600;Card;CS2;4.0;0
SESS-11901;2026-08-15 01:42:00;USR-1456;20;Standard;3;600;270;Card;CS2;4.0;1
SESS-11481;2026-08-28 20:04:00;USR-1274;14;Bootcamp;3;0;450;Card;CS2;4.5;0
SESS-14873;2026-08-16 10:42:00;USR-1226;38;Standard;2;240;200;Card;Minecraft;4.0;0
SESS-14895;2026-08-04 05:15:00;USR-1588;19;PS5;3;0;750;Card;Dota 2;4.5;0
;2026-08-01 13:40:00;;36;Bootcamp;2;0;300;Card;Deadlock;3.0;0
SESS-13335;2026-08-17 22:44:00;USR-1057;32; standard ;1;150;150;Card;Valorant;4.0;0
SESS-16016;2026-08-08 21:08:00;USR-1634;28;Standard;1;80;100;Card;CS2;4.5;0
SESS-14926;2026-08-05 21:22:00;USR-1535;17;PS5;2;400;500;Card;CS2;5.0;0
SESS-10946;2026-08-28 08:54:00;USR-1248;26;Standard;4;0;360;Card;Cyberpunk 2077;5.0;1
SESS-15797;2026-08-01 02:55:00;USR-1146;22;Bootcamp;2;200;300;Card;Dota 2;5.0;0
SESS-13293;2026-08-01 14:50:00;USR-1428;16;VIP;1;0;200;Card;PUBG;4.5;0
SESS-12161;2026-08-23 11:16:00;USR-1432;21;Standard;2;0;200;Card;CS2;1.0;0
SESS-17303;2026-08-31 19:03:00;USR-1434;21;VIP;3;460;600;Card;Valorant;4.5;0
SESS-15083;2026-08-03 09:06:00;USR-1321;27;Standard;1;50;100;Card;Dota 2;4.0;0
SESS-16389;2026-08-30 01:47:00;USR-1300;21;Standard;2;0;180;Card;GTA V;4.0;1
SESS-13057;2026-08-23 05:35:00;USR-1498;24;Standard;2;0;200;Card;CS2;4.5;0
SESS-15490;2026-08-08 04:14:00;USR-1340;15;Bootcamp;3;0;450;App;Dota 2;4.0;0
SESS-10768;2026-08-27 17:50:00;USR-1239;24;PS5;1;80;225;Card;Valorant;5.0;1
SESS-17091;2026-08-25 12:43:00;USR-1325;22;VIP ;1;0;250;Card;CS2;5.0;0
SESS-13495;2026-08-16 21:10:00;USR-1271;18;VIP;4;0;800;Card;CS2;4.0;0
SESS-10285;2026-08-09 13:17:00;USR-1375;22;Standard;1;200;100;App;CS2;4.0;0
SESS-16586;2026-08-13 12:03:00;USR-1176;20;Standard;4;0;400;Card;GTA V;3.0;0
SESS-14524;2026-08-17 06:28:00;USR-1440;16;Standard;3;0;300;Card;Dota 2;2.0;0
SESS-16710;2026-08-09 08:08:00;USR-1287;19;Bootcamp;3;0;450;Card;CS2;4.0;0
SESS-12332;2026-08-13 22:37:00;USR-1448;34;Standard;12;2400;1200;Card;Minecraft;4.5;0
SESS-12717;2026-08-29 09:57:00;USR-1730;25;Standard;2;0;200;App;CS2;3.0;0
SESS-12079;2026-08-11 17:17:00;USR-1569;19;Bootcamp;2;200;270;App;PUBG;4.0;1
SESS-13389;2026-08-03 22:42:00;USR-1067;23;Standard;3;0;300;Card;Dota 2;4.5;0
SESS-10722;2026-08-07 18:57:00;USR-1050;27;Standard;2;400;200;Cash;Dota 2;5.0;0
SESS-10951;2026-08-16 03:44:00;USR-1774;19;VIP;2;0;400;Card;CS2;4.5;0
SESS-16578;2026-08-02 01:06:00;USR-1217;14;PS5;3;0;750;Card;Dota 2;4.5;0
SESS-12262;2026-08-15 04:19:00;USR-1408;28;Standard;1;0;100;Cash;CS2;5.0;0
SESS-10989;2026-08-23 22:07:00;USR-1278;32;Standard;8;400;800;Card;CS2;4.0;0
SESS-13212;2026-08-29 05:12:00;USR-1365;24;VIP;1;0;200;Card;Apex Legends;4.0;0
SESS-11759;2026-08-19 21:26:00;USR-1182;16;Standard;3;600;300;Card;Valorant;5.0;0
SESS-16192;2026-08-14 01:33:00;USR-1519;17;Standard;5;0;500;Card;Dota 2;3.0;0
SESS-14422;2026-08-01 10:46:00;USR-1462;18;VIP;2;0;400;Card;Dota 2;5.0;0
SESS-15479;2026-08-05 11:18:00;USR-1166;26;PS5;2;160;500;Card;Minecraft;4.0;0
SESS-11724;2026-08-19 04:54:00;USR-1682;17;Bootcamp;5;0;750;Card;Valorant;4.5;0
SESS-15182;2026-08-24 13:40:00;USR-1130;19;Standard;2;160;180;Cash;Minecraft;4.5;1
SESS-10341;2026-08-28 02:33:00;USR-1232;18;Standard;2;160;200;Card;CS2;3.0;0
SESS-13701;2026-08-23 03:02:00;USR-1096;28;Bootcamp;1;0;150;Cash;Deadlock;4.0;0
SESS-14243;2026-08-07 17:38:00;USR-1598;16;VIP;2;0;400;Card;Minecraft;4.0;0
SESS-10688;2026-08-25 11:10:00;USR-1344;18;Standard;1;0;100;Card;Valorant;4.0;0
SESS-13432;2026-08-09 07:28:00;USR-1407;19;VIP;3;340;600;App;Valorant;4.0;0
SESS-15203;2026-08-14 04:43:00;USR-1389;15;Standard;2;0;200;Card;Minecraft;4.0;0
SESS-14944;2026-08-15 12:15:00;USR-1033;20;Standard;2;160;180;App;Dota 2;4.5;1
SESS-10966;2026-08-12 16:37:00;USR-1507;22;Standard;3;0;300;Card;Valorant;4.5;0
SESS-17121;2026-08-28 09:45:00;USR-1395;36;VIP;3;0;600;Card;CS2;4.0;0
SESS-16820;2026-08-20 02:47:00;USR-1041;26;VIP;3;0;600;Card;CS2;4.5;0
SESS-12203;2026-08-28 18:23:00;USR-1047;3;Standard;-2;320;400;App;CS2;4.0;0
SESS-12713;2026-08-30 13:35:00;USR-1072;15;Standard;12;960;1200;Card;CS2;5.0;0
SESS-14757;2026-08-30 09:00:00;USR-1659;30;PS5;5;0;1125;App;CS2;;1
SESS-15098;2026-08-20 17:09:00;USR-1774;19;Standard;2;0;200;App;CS2;5.0;0
;2026-08-15 15:18:00;;16;Standard;3;0;270;Card;Minecraft;5.0;1
SESS-16901;2026-08-16 18:15:00;USR-1139;16;Bootcamp;2;490;270;Card;GTA V;4.0;1
SESS-15280;2026-08-30 10:19:00;USR-1194;14;Bootcamp;1;0;150;App;CS2;4.0;0
SESS-15975;2026-08-31 18:12:00;USR-1418;16;Standard;2;0;200;Card;Cyberpunk 2077;4.5;0
SESS-13572;2026-08-20 22:10:00;USR-1682;17;Standard;3;0;300;Card;Dota 2;4.0;0
SESS-14805;2026-08-14 22:29:00;USR-1664;15;Standard;1;0;100;Card;Cyberpunk 2077;3.0;0
SESS-15299;2026-08-09 18:34:00;USR-1054;21;Standard;5;600;500;Card;PUBG;4.5;0
SESS-11990;2026-08-21 02:08:00;USR-1792;36;Standard;2;0;200;Card;Minecraft;4.0;0
SESS-14120;2026-08-14 12:40:00;USR-1119;19;Standard;2;0;200;Card;Dota 2;4.5;0
SESS-14759;2026-08-03 22:19:00;USR-1517;24;Standard;1;0;100;Card;CS2;4.5;0
SESS-16186;2026-08-14 14:37:00;USR-1345;26;PS5;3;360;750;App;Valorant;4.5;0
SESS-15298;2026-08-04 14:11:00;USR-1069;16;Standard;12;0;1080;Card;CS2;5.0;1
SESS-16595;2026-08-19 16:37:00;USR-1618;30;Standard;2;0;200;App;CS2;4.0;0
SESS-14971;2026-08-18 10:55:00;USR-1444;19;Standard;1;0;100;Card;Valorant;5.0;0
SESS-17147;2026-08-09 16:50:00;USR-1693;31;Standard;4;0;400;Card;Dota 2;5.0;0
SESS-15034;2026-08-03 02:43:00;USR-1147;29;Bootcamp;1;300;150;Card;Valorant;5.0;0
SESS-13600;2026-08-29 14:46:00;USR-1644;22;VIP;1;0;200;Card;Valorant;4.5;0
SESS-16885;2026-08-26 03:31:00;USR-1507;22;Bootcamp;3;0;450;App;Valorant;5.0;0
SESS-12132;2026-08-28 17:32:00;USR-1579;27;Standard;1;80;100;Card;Dota 2;5.0;0
SESS-16216;2026-08-05 15:04:00;USR-1134;22;Standard;4;0;400;App;Deadlock;4.0;0
SESS-10385;2026-08-19 01:28:00;USR-1210;21;VIP;1;150;180;App;Minecraft;4.0;1
SESS-17300;2026-08-27 00:19:00;USR-1461;27;Standard;4;200;360;Card;CS2;5.0;1
SESS-16887;2026-08-23 22:37:00;USR-1557;18;Standard;4;800;400;Card;Minecraft;4.5;0
SESS-10536;2026-08-08 04:58:00;USR-1218;16;Bootcamp;1;0;150;Card;CS2;4.0;0
SESS-17037;2026-08-29 22:04:00;USR-1768;22;Standard;12;0;1200;Card;Deadlock;5.0;0
SESS-15032;2026-08-14 02:38:00;USR-1242;15;Bootcamp;1;0;150;Card;Minecraft;4.5;0
SESS-14212;2026-08-14 08:02:00;USR-1622;23;Bootcamp;1;330;150;Card;CS2;4.0;0
SESS-13507;2026-08-16 00:57:00;USR-1147;29;Standard;3;0;300;Card;Valorant;3.0;0
SESS-10201;2026-08-06 22:59:00;USR-1511;22;Standard;2;400;200;Card;Cyberpunk 2077;4.0;0
SESS-11332;2026-08-23 23:44:00;USR-1785;26;VIP;3;0;600;Card;GTA V;5.0;0
SESS-13502;2026-08-17 19:19:00;USR-1077;18;Standard;2;0;200;App;Dota 2;4.0;0
SESS-12708;2026-08-05 18:37:00;USR-1038;26;Standard;4;800;400;Cash;Dota 2;5.0;0
SESS-16030;2026-08-28 13:06:00;USR-1324;14;PS5;1;0;250;Card;CS2;3.0;0
SESS-15031;2026-08-27 23:00:00;USR-1514;14;Standard;3;600;300;Cash;CS2;4.0;0
SESS-14662;2026-08-09 20:08:00;USR-1472;17;Bootcamp;1;0;150;App;CS2;4.0;0
SESS-14021;2026-08-11 09:33:00;USR-1385;18;Standard;1;0;100;Card;CS2;4.5;0
SESS-11854;2026-08-08 19:44:00;USR-1141;24;VIP;4;450;800;Card;Valorant;4.0;0
SESS-16744;2026-08-25 20:35:00;USR-1122;22;Standard;3;600;300;Card;Valorant;4.0;0
SESS-12872;2026-08-17 22:51:00;USR-1116;35;Standard;3;0;300;App;CS2;3.0;0
SESS-13030;2026-08-02 18:07:00;USR-1263;22;Standard;3;600;300;App;Dota 2;1.0;0
SESS-11205;2026-08-06 18:54:00;USR-1116;35; standard ;3;0;450;Card;PUBG;3.0;0
SESS-11645;2026-08-08 20:41:00;USR-1269;22;Bootcamp;1;0;150;App;Dota 2;3.0;0
SESS-13417;2026-08-17 08:45:00;USR-1671;20;Standard;3;0;270;Card;CS2;4.0;1
SESS-13476;2026-08-27 21:45:00;USR-1727;25;Bootcamp;3;610;450;App;GTA V;4.5;0
SESS-11047;2026-08-16 19:00:00;USR-1756;25;VIP;4;0;800;Cash;GTA V;1.0;0
SESS-12861;2026-08-28 11:07:00;USR-1578;17;Standard;3;0;270;App;Minecraft;4.5;1
SESS-11792;2026-08-26 14:50:00;USR-1504;23;Standard;5;0;500;App;Minecraft;4.0;0
SESS-15526;2026-08-27 21:45:00;USR-1413;15;Bootcamp;3;250;450;Card;Dota 2;5.0;0
SESS-13797;2026-08-26 05:39:00;USR-1636;16;VIP;3;0;600;Card;Dota 2;4.0;0
SESS-13368;2026-08-09 21:13:00;USR-1469;24;Standard;3;150;300 ₽;App;Valorant;4.0;0
SESS-13367;2026-08-06 11:59:00;USR-1218;16;Bootcamp;4;420;600;App;CS2;;0
SESS-13533;2026-08-08 21:19:00;USR-1739;28;PS5;1;0;250;Card;Dota 2;1.0;0
SESS-16620;2026-08-25 15:28:00;USR-1262;27;Standard;8;0;800;Cash;CS2;4.5;0
SESS-15109;2026-08-21 13:45:00;USR-1643;16;Standard;5;0;500;Card;CS2;3.0;0
SESS-16024;2026-08-01 04:41:00;USR-1762;22;Standard;3;0;300;Card;Valorant;4.0;0
SESS-13449;2026-08-22 17:26:00;USR-1212;20;Standard;3;150;300;Card;CS2;2.0;0
SESS-10603;2026-08-21 05:38:00;USR-1124;23;Standard;1;0;100;Card;Valorant;4.5;0
SESS-13056;2026-08-29 16:40:00;USR-1742;22;Standard;3;0;300;Card;CS2;4.5;0
SESS-16568;2026-08-01 18:30:00;USR-1709;17;VIP;3;0;600;Card;Valorant;4.5;0
SESS-10126;2026-08-17 20:38:00;USR-1405;23;VIP;2;0;400;Cash;Minecraft;4.5;0
SESS-13333;2026-08-26 09:28:00;USR-1079;21;Standard;3;150;300;Card;Valorant;4.5;0
SESS-13876;2026-08-24 09:16:00;USR-1716;24;Standard;3;0;300;Card;Dota 2;4.0;0
SESS-12935;2026-08-04 03:58:00;USR-1071;14;PS5;2;0;500;Card;CS2;4.5;0
SESS-15443;2026-08-16 22:48:00;USR-1370;14;Standard;1;0;100;Card;Minecraft;5.0;0
SESS-14451;2026-08-27 09:15:00;USR-1739;28;Standard;1;0;100;App;Valorant;5.0;0
SESS-13531;2026-08-28 18:19:00;USR-1317;23;Standard;2;0;200;App;Minecraft;5.0;0
SESS-12730;2026-08-23 21:29:00;USR-1432;21;VIP;3;0;600;Card;Dota 2;4.0;0
SESS-10827;2026-08-05 13:57:00;USR-1701;22;Standard;2;400;200;App;Minecraft;5.0;0
SESS-11639;2026-08-18 01:08:00;USR-1070;22;Bootcamp;5;500;750;Card;CS2;4.5;0
SESS-10984;2026-08-22 15:50:00;USR-1597;25;Standard;3;150;270 ₽;Card;CS2;4.5;1
SESS-13281;2026-08-10 15:43:00;USR-1018;26;Standard;2;0;180;Card;Dota 2;5.0;1
SESS-12166;2026-08-12 05:37:00;USR-1515;21;VIP;4;450;800;Card;Deadlock;4.0;0
SESS-12188;2026-08-31 15:44:00;USR-1575;16;Bootcamp;3;340;450;Card;Minecraft;3.0;0
SESS-16950;2026-08-19 00:09:00;USR-1446;24;Bootcamp;1;450;150;Card;Apex Legends;;0
SESS-12443;2026-08-09 07:36:00;USR-1042;16;Standard;1;0;100;Card;CS2;4.5;0
SESS-10362;2026-08-30 08:29:00;USR-1179;21;Standard;1;80;100;Card;CS2;4.5;0
SESS-12349;2026-08-11 07:31:00;USR-1182;16;VIP;3;0;6ОО;App;Valorant;4.0;0
SESS-10345;2026-08-02 08:49:00;USR-1335;21;VIP;4;0;800;Card;Minecraft;3.0;0
SESS-10814;2026-08-01 08:02:00;USR-1273;14;Bootcamp;1;300;150;App;CS2;5.0;0
SESS-16166;2026-08-02 02:32:00;USR-1316;35;Bootcamp;3;460;450;App;PUBG;2.0;0
SESS-14807;2026-08-30 20:12:00;USR-1595;20;Standard;2;0;200;Card;Dota 2;2.0;0
SESS-13205;2026-08-13 23:55:00;USR-1093;17;Standard;8;0;800;Card;Dota 2;4.0;0
SESS-16266;2026-08-30 06:51:00;USR-1773;19;PS5;1;0;250;Card;Minecraft;3.0;0
SESS-17229;2026-08-12 07:23:00;USR-1143;21;Standard;1;0;100;Card;Dota 2;5.0;0
SESS-15961;2026-08-26 10:56:00;USR-1604;18;Standard;1;80;100;Cash;Valorant;4.0;0
;2026-08-05 01:46:00;;15;Standard;2;0;200;Card;CS2;5.0;0
SESS-14106;2026-08-20 03:13:00;USR-1508;37;Standard;3;150;300;Card;Dota 2;4.5;0
SESS-16751;2026-08-24 17:59:00;USR-1302;16;Standard;1;50;100;Card;Dota 2;5.0;0
SESS-12116;2026-08-06 22:01:00;USR-1559;18;Standard;2;0;200;Card;Minecraft;3.0;0
SESS-11834;2026-08-07 01:17:00;USR-1013;22;Standard;2;0;180;App;Minecraft;5.0;1
SESS-10793;2026-08-17 15:16:00;USR-1716;24;Standard;5;0;450;Card;CS2;4.5;1
SESS-15332;2026-08-28 07:59:00;USR-1701;22;Standard;3;0;300;Card;Dota 2;4.5;0
SESS-12674;2026-08-16 05:10:00;USR-1689;27;Standard;3;0;300;Card;CS2;4.0;0
;2026-08-07 13:37:00;;17;VIP;1;330;200;Card;Dota 2;5.0;0
SESS-14225;2026-08-16 17:32:00;USR-1413;15;Standard;1;50;100;Card;CS2;4.0;0
SESS-13756;2026-08-14 04:30:00;USR-1421;27;Bootcamp;2;260;300;Cash;Cyberpunk 2077;3.0;0
SESS-12891;2026-08-29 14:22:00;USR-1768;22;Bootcamp;2;0;300;Card;CS2;4.5;0
SESS-12371;2026-08-10 04:37:00;USR-1038;26;Standard;8;0;800;Card;CS2;4.5;0
SESS-16509;2026-08-11 22:00:00;USR-1476;16;VIP;2;650;400;Card;Apex Legends;4.0;0
SESS-16247;2026-08-19 07:19:00;USR-1184;23;PS5;4;0;1000;Card;Valorant;4.0;0
SESS-16687;2026-08-19 09:36:00;USR-1110;17;Standard;12;0;1080;Card;Dota 2;4.0;1
SESS-13228;2026-08-13 12:07:00;USR-1272;14;Standard;2;0;200;;Dota 2;4.5;0
SESS-16158;2026-08-26 02:43:00;USR-1149;17;PS5;3;0;750;Card;Deadlock;5.0;0
SESS-15996;2026-08-07 03:29:00;USR-1087;16;Standard;1;0;100;Cash;Dota 2;5.0;0
SESS-16725;2026-08-31 17:56:00;USR-1736;23;Bootcamp;2;500;300;Card;Dota 2;5.0;0
SESS-16028;2026-08-15 10:28:00;USR-1473;3;VIP;-2;300;200;Card;CS2;4.0;0
SESS-12853;2026-08-03 13:14:00;USR-1479;18;Standard;3;0;300;Cash;CS2;5.0;0
SESS-16982;2026-08-07 04:01:00;USR-1764;22;Standard;3;240;270;Cash;Deadlock;4.5;1
SESS-12912;2026-08-03 20:35:00;USR-1657;17;VIP;3;0;600;Card;Minecraft;4.0;0
SESS-11865;2026-08-20 10:52:00;USR-1641;34;Bootcamp;3;850;450;Card;CS2;3.0;0
SESS-15754;2026-08-28 16:54:00;USR-1268;26;VIP;2;200;400;Card;Minecraft;4.0;0
SESS-14612;2026-08-02 19:07:00;USR-1317;23;VIP;1;0;200;Cash;Minecraft;4.0;0
SESS-11857;2026-08-29 07:20:00;USR-1790;3;PS5;999;0;450;Card;Dota 2;5.0;1
SESS-12645;2026-08-10 03:34:00;USR-1433;22;Standard;1;0;100;App;CS2;4.5;0
SESS-12243;2026-08-25 04:37:00;USR-1575;16;Bootcamp;2;650;300;Card;CS2;4.5;0
SESS-15373;2026-08-12 15:15:00;USR-1579;27;VIP;3;400;600;App;CS2;4.5;0
SESS-12336;2026-08-22 12:23:00;USR-1760;17;PS5;2;0;500;Card;Apex Legends;4.0;0
SESS-10950;2026-08-23 12:58:00;USR-1011;39;Standard;1;0;100;App;Dota 2;5.0;0
SESS-13068;2026-08-03 00:45:00;USR-1102;28;PS5;2;240;500;Cash;Valorant;4.0;0
SESS-11120;2026-08-11 20:20:00;USR-1635;22;Standard;3;360;300;Cash;Dota 2;4.5;0
SESS-12597;2026-08-16 11:03:00;USR-1567;26;Bootcamp;5;700;750;App;CS2;4.5;0
SESS-12204;2026-08-24 06:45:00;USR-1097;19;Standard;2;0;200;Card;CS2;4.5;0
SESS-10419;2026-08-18 10:48:00;USR-1143;21;Standard;2;160;200;Card;GTA V;5.0;0
SESS-10922;02.08.2026;USR-1101;18;Bootcamp;3;460;450;Cash;Dota 2;5.0;0
SESS-11254;2026-08-11 08:47:00;USR-1394;24;Standard;4;200;400;App;Valorant;4.0;0
SESS-10477;2026-08-03 23:55:00;USR-1658;20;Standard;3;0;300;Card;Cyberpunk 2077;4.5;0
SESS-12035;2026-08-07 23:46:00;USR-1544;19;Standard;1;80;100;Card;Minecraft;4.0;0
SESS-17162;2026-08-15 16:38:00;USR-1085;38;PS5;2;100;500;Card;Dota 2;5.0;0
SESS-15788;2026-08-13 13:02:00;USR-1470;22;Standard;4;320;400;App;Valorant;5.0;0
SESS-15742;2026-08-14 12:24:00;USR-1490;19;Standard;4;0;400;Card;Valorant;3.0;0
SESS-15567;2026-08-30 20:21:00;USR-1291;23;Standard;5;600;500;Cash;CS2;5.0;0
SESS-11202;2026-08-21 08:55:00;USR-1522;22;VIP;2;0;400;Card;CS2;3.0;0
SESS-12626;2026-08-06 21:41:00;USR-1323;20;PS5;3;0;675;Card;Valorant;;1
SESS-15765;2026-08-23 12:27:00;USR-1645;15;Bootcamp;3;700;450;Card;CS2;5.0;0
SESS-17261;2026-08-07 09:53:00;USR-1747;25;Standard;2;0;200;Card;CS2;2.0;0
SESS-11970;2026-08-18 14:45:00;USR-1123;14;Standard;2;240;200;App;CS2;3.0;0
SESS-13110;2026-08-12 00:03:00;USR-1701;22;VIP;2;0;360;Card;Apex Legends;5.0;1
SESS-14018;2026-08-04 12:39:00;USR-1575;16;VIP;2;0;400;App;CS2;4.0;0
SESS-12151;2026-08-14 21:33:00;USR-1525;20;Standard;8;1600;800;Card;Minecraft;4.5;0
SESS-13687;2026-08-14 07:28:00;USR-1189;18;PS5;2;0;500;Card;Minecraft;4.0;0
SESS-14916;2026-08-03 04:54:00;USR-1010;33;VIP;2;0;360;Card;Minecraft;4.5;1
SESS-11997;2026-08-29 17:54:00;USR-1444;19;VIP;2;500;360;Card;CS2;3.0;1
SESS-14033;2026-08-18 20:28:00;USR-1264;20;Standard;3;600;300;App;CS2;4.0;0
SESS-17071;2026-08-05 19:41:00;USR-1691;22;Bootcamp;3;0;450;App;Valorant;4.0;0
SESS-13054;2026-08-05 08:14:00;USR-1773;19;Standard;4;480;400;Card;Dota 2;4.5;0
SESS-11248;2026-08-27 15:36:00;USR-1105;19;Standard;1;0;100;Cash;CS2;5.0;0
SESS-12192;2026-08-09 06:43:00;USR-1738;37;Standard;1;200;100;Card;Valorant;4.5;0
SESS-12712;2026-08-22 23:11:00;USR-1722;20;Standard;4;320;360;Card;CS2;2.0;1
SESS-10992;2026-08-22 17:14:00;USR-1740;14;Standard;3;150;300;Card;CS2;3.0;0
SESS-12190;2026-08-23 13:34:00;USR-1007;17;Bootcamp;3;0;450;Card;Valorant;5.0;0
SESS-14670;2026-08-30 06:51:00;USR-1765;37;Standard;2;400;200;Cash;Valorant;4.5;0
SESS-15142;2026-08-05 11:26:00;USR-1084;23;Standard;3;150;300;Card;CS2;4.0;0
SESS-15984;2026-08-21 14:20:00;USR-1713;25;Bootcamp;3;0;450;App;Apex Legends;4.0;0
SESS-13762;2026-08-11 00:08:00;USR-1652;27;Standard;4;800;400;Cash;CS2;4.5;0
SESS-13597;2026-08-16 03:17:00;USR-1200;14;Standard;8;0;800;Card;CS2;5.0;0
SESS-14711;2026-08-03 12:27:00;USR-1554;20;PS5;1;0;250;Card;CS2;4.5;0
SESS-11318;2026-08-05 00:59:00;USR-1754;20;VIP;1;150;200;Card;Apex Legends;5.0;0
SESS-11863;2026-08-23 21:29:00;USR-1027;35;Standard;2;240;200;;Dota 2;5.0;0
SESS-12343;2026-08-27 11:58:00;USR-1048;20;Standard;2;0;200;App;Dota 2;2.0;0
SESS-12449;2026-08-31 04:26:00;USR-1259;21;VIP;12;1690;2400;Card;Valorant;4.5;0
SESS-12136;2026-08-23 07:46:00;USR-1627;22;Standard;2;0;200;Card;Dota 2;4.5;0
SESS-11065;2026-08-26 14:33:00;USR-1727;25;Bootcamp;2;0;300;App;Apex Legends;1.0;0
SESS-15868;2026-08-08 17:19:00;USR-1340;15;Standard;5;0;500;Card;CS2;4.5;0
SESS-15395;2026-08-25 04:19:00;USR-1252;24;VIP;1;370;200;App;CS2;5.0;0
SESS-14227;2026-08-11 01:02:00;USR-1165;14;VIP;1;0;200;App;CS2;5.0;0
SESS-12621;08/31/26;USR-1128;21;Standard;5;0;500;App;Deadlock;4.0;0
SESS-10077;2026-08-15 10:54:00;USR-1476;16;Standard;2;0;200;App;GTA V;4.5;0
SESS-12898;2026-08-05 13:19:00;USR-1459;26;VIP;2;500;400;Card;CS2;4.0;0
SESS-16148;2026-08-22 20:38:00;USR-1190;26;Bootcamp;3;460;450;Card;Valorant;4.0;0
SESS-14820;2026-08-26 19:31:00;USR-1587;17;PS5;1;0;250;App;CS2;4.5;0
SESS-11314;2026-08-13 21:40:00;USR-1793;18;Standard;8;0;800;Card;CS2;4.0;0
SESS-15947;2026-08-03 10:22:00;USR-1576;36;Standard;2;160;200;Card;PUBG;3.0;0
SESS-16767;2026-08-21 23:19:00;USR-1130;19;Standard;5;250;450;App;CS2;3.0;1
SESS-10872;2026-08-08 23:23:00;USR-1727;25;Standard;4;0;400;Card;CS2;3.0;0
SESS-13850;2026-08-14 13:29:00;USR-1506;17;PS5;2;0;500;Card;Dota 2;4.0;0
SESS-15468;2026-08-06 11:05:00;USR-1252;24;Standard;2;0;200;Card;Minecraft;4.5;0
SESS-15951;2026-08-21 08:29:00;USR-1069;16;Standard;3;0;300;App;CS2;5.0;0
SESS-17213;2026-08-25 22:45:00;USR-1469;24;Bootcamp;3;850;450;Card;Dota 2;5.0;0
SESS-12965;2026-08-29 06:30:00;USR-1242;15;Standard;1;0;100;Card;Minecraft;4.5;0
SESS-13391;2026-08-17 15:44:00;USR-1631;21;Standard;~4;0;360;Card;PUBG;4.5;1
SESS-15415;2026-08-01 03:48:00;USR-1047;32;VIP;3;0;600;Card;PUBG;2.0;0
SESS-12560;2026-08-25 06:27:00;USR-1049;29;PS5;1;120;225;Card;Deadlock;5.0;1
SESS-14615;2026-08-27 03:28:00;USR-1794;26;Bootcamp;2;340;300;Card;Valorant;2.0;0
SESS-12635;2026-08-09 20:44:00;USR-1171;39;Standard;12;0;1200;Card;CS2;5.0;0
SESS-15256;2026-08-16 03:20:00;USR-1359;23;VIP;1;0;200;App;CS2;4.5;0
SESS-13530;2026-08-07 03:18:00;USR-1237;14;VIP;2;0;400;App;Dota 2;3.0;0
SESS-10375;2026-08-13 08:15:00;USR-1536;23;PS5;2;160;500;Card;Minecraft;5.0;0
SESS-11908;2026-08-08 02:15:00;USR-1392;15;Standard;12;960;1200;Card;Valorant;4.5;0
SESS-14429;2026-08-31 21:42:00;USR-1390;18;Bootcamp;4;1050;540;Card;GTA V;5.0;1
SESS-17282;2026-08-21 03:08:00;USR-1179;21;VIP;2;200;400;Card;CS2;5.0;0
SESS-16598;2026-08-30 07:12:00;USR-1413;15;Standard;1;0;100;Cash;CS2;5.0;0
SESS-14027;2026-08-25 00:35:00;USR-1531;22;Standard;3;150;270;Card;Dota 2;4.0;1
SESS-11604;2026-08-20 10:31:00;USR-1645;15;Standard;2;100;200;Card;GTA V;3.0;0
SESS-11118;2026-08-03 18:20:00;USR-1200;14;Bootcamp;2;0;300;Card;Dota 2;3.0;0
SESS-13677;2026-08-19 09:03:00;USR-1232;18;Standard;1;0;100;Cash;CS2;4.0;0
SESS-13490;2026-08-27 14:49:00;USR-1351;24;Bootcamp;4;0;540;Card;Apex Legends;5.0;1
SESS-11512;2026-08-20 01:07:00;USR-1585;22;VIP;4;450;800;Card;CS2;4.0;0
SESS-16039;2026-08-15 22:31:00;USR-1559;18;Standard;3;150;270;App;Dota 2;2.0;1
SESS-12958;2026-08-25 16:55:00;USR-1237;14;Standard;2;0;200;Cash;Dota 2;4.0;0
SESS-11994;2026-08-07 10:40:00;USR-1479;18;VIP;1;0;200;Card;Dota 2;4.0;0
SESS-11554;2026-08-21 23:38:00;USR-1400;15;PS5;2;400;500;Card;Dota 2;4.5;0
SESS-16560;2026-08-28 06:23:00;USR-1485;17;VIP;3;400;540;Card;Dota 2;5.0;1
SESS-12376;2026-08-27 02:52:00;USR-1397;24;Standard;4;0;400;Card;Minecraft;3.0;0
SESS-16907;2026-08-09 08:01:00;USR-1792;36;Standard;4;320;360;Card;Apex Legends;;1
SESS-11342;2026-08-15 01:10:00;USR-1397;24;Standard;1;0;100;Card;Dota 2;4.0;0
SESS-10320;2026-08-27 23:23:00;USR-1631;21;Bootcamp;8;1060;1200;Card;Browser/Work;4.0;0
SESS-11619;2026-08-02 02:09:00;USR-1612;31;Bootcamp;1;370;150;Card;CS2;4.0;0
SESS-13713;2026-08-12 12:40:00;USR-1364;14;Standard;3;0;300;Card;CS2;4.0;0
SESS-16904;2026-08-12 03:30:00;USR-1262;27;Standard;3 ч.;0;300;Cash;Minecraft;3.0;0
SESS-12060;2026-08-30 01:06:00;USR-1008;16;Standard;2;0;200;App;CS2;5.0;0
SESS-12219;2026-08-19 19:48:00;USR-1020;18;Standard;3;360;300;App;Valorant;5.0;0
SESS-11673;2026-08-28 09:23:00;USR-1078;20;Standard;2;0;180;Card;Deadlock;5.0;1
SESS-16038;2026-08-11 08:39:00;USR-1097;19;Standard;1;0;100;App;PUBG;4.0;0
SESS-10260;2026-08-12 11:26:00;USR-1065;32;VIP;5;500;900;App;GTA V;4.0;1
SESS-16661;2026-08-14 08:38:00;USR-1798;16;Standard;4;0;360;Card;CS2;4.0;1
SESS-12039;2026-08-04 23:51:00;USR-1421;27;Standard;2;100;2ОО;Card;Minecraft;2.0;0
SESS-14785;2026-08-09 00:22:00;USR-1407;19;Standard;1;0;100;Card;CS2;4.5;0
SESS-10901;2026-08-22 00:21:00;USR-1550;19;PS5;2;400;450;;Dota 2;4.5;1
SESS-13744;2026-08-18 04:26:00;USR-1338;22;PS5;1;120;250;App;Dota 2;4.5;0
SESS-12026;2026-08-16 03:14:00;USR-1260;21;Standard;5;0;500;App;CS2;3.0;0
SESS-14234;2026-08-31 08:41:00;USR-1042;16;Standard;3;0;270;App;Minecraft;4.0;1
SESS-11917;2026-08-24 11:56:00;USR-1638;22;Bootcamp;2;0;300;App;CS2;4.0;0
SESS-11828;2026-08-13 21:15:00;USR-1045;23;Bootcamp;1;0;150;Card;Valorant;4.0;0
SESS-11573;2026-08-31 23:46:00;USR-1516;26;VIP;3;460;540;Card;CS2;4.0;1
SESS-14415;2026-08-03 11:02:00;USR-1240;21;VIP;2 ч.;500;400;Cash;Dota 2;4.0;0
SESS-14749;2026-08-12 21:33:00;USR-1320;28;VIP;3;700;600;Cash;CS2;4.0;0
SESS-16233;2026-08-18 21:38:00;USR-1383;18;Standard;3;360;300;Card;PUBG;5.0;0
SESS-16621;2026-08-25 13:45:00;USR-1633;14;VIP;3;490;600;App;Dota 2;4.0;0
SESS-14654;2026-08-06 19:40:00;USR-1272;14;Bootcamp;4;0;600;App;Dota 2;4.0;0
SESS-16283;2026-08-19 01:56:00;USR-1015;23;Standard;4;0;360;Cash;CS2;4.0;1
SESS-14208;2026-08-23 14:37:00;USR-1149;17;Bootcamp;1;220;150;Card;CS2;5.0;0
SESS-14627;2026-08-02 22:37:00;USR-1767;29;Standard;3;0;300;Card;Dota 2;4.5;0
SESS-10224;25.08.2026;USR-1278;32;Bootcamp;1;150;150;Card;Deadlock;5.0;0
SESS-10723;2026-08-13 12:15:00;USR-1577;23;VIP;3;0;600;Cash;CS2;5.0;0
SESS-16768;2026-08-24 23:26:00;USR-1221;22;VIP;4;580;800;Card;Dota 2;5.0;0
SESS-11141;2026-08-24 14:05:00;USR-1484;24;VIP;4;0;720;Card;Dota 2;5.0;1
SESS-15529;2026-08-18 03:41:00;USR-1715;3;Standard;-2;600;270;App;Deadlock;4.0;1
SESS-15764;2026-08-24 17:54:00;USR-1489;16;Standard;2;0;200;Cash;CS2;4.0;0
SESS-16727;2026-08-31 06:35:00;USR-1134;22;Bootcamp;3;460;450;Card;CS2;3.0;0
SESS-15554;2026-08-18 11:58:00;USR-1145;18;VIP;2;0;360;Card;Dota 2;4.0;1
SESS-17155;2026-08-25 17:45:00;USR-1696;21;Standard;5;600;500;Card;CS2;5.0;0
SESS-12762;2026-08-22 02:43:00;USR-1230;17;VIP;3;610;600;App;CS2;4.5;0
SESS-10846;2026-08-02 21:53:00;USR-1132;17;Standard;1;200;100;;Dota 2;3.0;0
SESS-14289;2026-08-11 09:42:00;USR-1614;15;Bootcamp;2;490;270;Card;Dota 2;4.0;1
SESS-15560;2026-08-02 17:26:00;USR-1519;17;Standard;1;0;100;App;CS2;5.0;0
SESS-15042;2026-08-15 23:41:00;USR-1594;15;Standard;3;240;270;Card;Dota 2;3.0;1
SESS-16117;2026-08-31 00:25:00;USR-1601;27;Standard;3;0;300;Card;Minecraft;4.5;0
SESS-12551;2026-08-30 17:42:00;USR-1330;18;PS5;3;150;750;App;Valorant;4.0;0
SESS-15725;2026-08-29 00:09:00;USR-1191;16;Standard;4;0;400;Card;CS2;4.0;0
SESS-12928;2026-08-01 10:46:00;USR-1146;22;VIP;3;0;600;Card;PUBG;4.0;0
SESS-10117;2026-08-11 10:34:00;USR-1096;28;VIP;2;260;360;App;Deadlock;3.0;1
SESS-10645;2026-08-18 09:18:00;USR-1774;19;VIP;12;1690;2400;App;CS2;4.0;0
SESS-15966;2026-08-09 16:54:00;USR-1013;22;Standard;2;240;200;Card;Minecraft;4.5;0
SESS-10003;2026-08-24 02:04:00;USR-1424;20;Standard;2;160;180;Card;Deadlock;3.0;1
SESS-14170;2026-08-08 14:55:00;USR-1544;19;Bootcamp;3;490;450;Card;CS2;4.5;0
SESS-15851;2026-08-25 19:20:00;USR-1323;20;Standard;2;0;180;App;Minecraft;5.0;1
SESS-10467;2026-08-03 11:47:00;USR-1774;19;VIP;1;0;180;Card;Dota 2;3.0;1
SESS-10005;2026-08-03 20:19:00;USR-1419;20;Bootcamp;3;850;405;Card;Apex Legends;4.0;1
SESS-15342;2026-08-05 23:52:00;USR-1069;16;Bootcamp;1;0;150;Card;Dota 2;4.5;0
SESS-10919;2026-08-06 07:41:00;USR-1047;32;Standard;2;0;200;Card;CS2;4.5;0
SESS-12595;2026-08-16 04:08:00;USR-1413;15;Standard;4;200;400;Card;Dota 2;4.0;0
SESS-14324;2026-08-15 19:56:00;USR-1042;16;VIP;2;0;400;Card;PUBG;4.0;0
SESS-11063;2026-08-19 03:28:00;USR-1428;16;Standard;4;480;360;Card;Dota 2;4.5;1
SESS-12590;2026-08-27 02:26:00;USR-1532;27;Standard;2;160;180;Card;Dota 2;5.0;1
SESS-10242;2026-08-25 18:55:00;USR-1749;14;Standard;1;0;100;App;Dota 2;4.0;0
SESS-16569;2026-08-21 22:13:00;USR-1250;20;Bootcamp;1;0;150;Card;PUBG;4.0;0
SESS-11160;2026-08-07 23:59:00;USR-1435;18;VIP;2;0;400;Card;CS2;4.5;0
SESS-12870;2026-08-15 07:51:00;USR-1217;14;Standard;4;320;400;Cash;PUBG;4.0;0
SESS-13735;2026-08-06 11:59:00;USR-1692;27;Standard;3;600;270;Card;CS2;5.0;1
SESS-16898;2026-08-28 18:40:00;USR-1284;22;Standard;3;600;300;Card;PUBG;2.0;0
SESS-12397;2026-08-07 15:36:00;USR-1331;15;Bootcamp;2;0;300;Cash;CS2;4.0;0
SESS-13517;2026-08-30 22:29:00;USR-1654;25;Standard;4;0;360;Cash;Dota 2;1.0;1
SESS-13421;2026-08-17 09:42:00;USR-1147;29;VIP;2;650;360;App;Dota 2;5.0;1
SESS-12563;2026-08-29 05:42:00;USR-1174;22;Standard;1;0;100;Card;Valorant;4.0;0
SESS-15622;2026-08-07 11:31:00;USR-1069;16;Standard;3;240;300;App;Valorant;5.0;0
SESS-11605;2026-08-07 00:07:00;USR-1732;23;Standard;12;600;1200;Card;CS2;3.0;0
SESS-17274;2026-08-08 14:46:00;USR-1490;19;Standard;2;100;200;Card;CS2;4.5;0
SESS-12324;2026-08-07 13:09:00;USR-1020;18;Bootcamp;4;730;600;Cash;Deadlock;5.0;0
SESS-12709;2026-08-16 11:53:00;USR-1284;22;VIP;3;700;600;Card;Dota 2;4.5;0
SESS-16629;2026-08-20 02:44:00;USR-1732;23;Standard;2;100;200;App;PUBG;4.0;0
SESS-11312;2026-08-13 02:50:00;USR-1103;20;Standard;5;0;500;Card;PUBG;5.0;0
SESS-13448;2026-08-09 16:23:00;USR-1001;16;VIP;1;0;200;App;Valorant;3.0;0
SESS-13812;2026-08-08 11:25:00;USR-1079;21;PS5;1;200;250;Card;Dota 2;4.5;0
SESS-16085;2026-08-10 18:46:00;USR-1427;21;VIP;2;650;400;Card;Dota 2;3.0;0
SESS-17015;2026-08-17 22:24:00;USR-1058;15;Standard;2;100;200;Card;Dota 2;4.0;0
SESS-12362;2026-08-06 12:25:00;USR-1123;14;Standard;1;80;100;Card;Valorant;5.0;0
SESS-11975;2026-08-24 03:05:00;USR-1773;19;Standard;4;0;400;App;Dota 2;4.5;0
SESS-13514;2026-08-16 14:29:00;USR-1497;14;Standard;2;0;200;Card;Valorant;5.0;0
SESS-11761;2026-08-29 20:51:00;USR-1008;16;Bootcamp;2;200;300;Card;Minecraft;1.0;0
SESS-15401;2026-08-10 19:37:00;USR-1792;36;Standard;2;400;200;Card;CS2;4.0;0
SESS-12739;2026-08-08 08:06:00;USR-1438;41;PS5;3;150;675;Cash;CS2;4.0;1
SESS-15637;2026-08-18 11:06:00;USR-1550;19;Standard;3;0;300;Card;CS2;5.0;0
SESS-17024;2026-08-12 15:32:00;USR-1604;18;Standard;1;80;100;Card;Dota 2;4.0;0
SESS-12472;2026-08-20 07:59:00;USR-1118;14;Bootcamp;4;730;540;Cash;CS2;3.0;1
SESS-14007;2026-08-14 15:16:00;USR-1166;26;Bootcamp;4;0;600;Card;Minecraft;5.0;0
SESS-14718;2026-08-26 12:40:00;USR-1006;35;Bootcamp;1;150;150;App;CS2;3.0;0
SESS-16177;2026-08-19 06:54:00;USR-1413;140;Bootcamp;-2;0;270;Card;CS2;3.0;1
SESS-11493;2026-08-01 17:31:00;USR-1142;16;PS5;5;0;1250;Card;CS2;4.0;0
SESS-14206;2026-08-20 22:19:00;USR-1657;17;Standard;12;0;1200;Card;Dota 2;4.0;0
SESS-16371;2026-08-21 14:05:00;USR-1624;18; standard ;2;0;200;App;Valorant;1.0;0
SESS-12158;2026-08-04 10:13:00;USR-1583;21;Standard;1;0;100;App;Valorant;4.5;0
SESS-11169;2026-08-03 06:58:00;USR-1168;16;Standard;1;0;100;;GTA V;4.5;0
SESS-16814;2026-08-28 14:13:00;USR-1421;27;Standard;4;320;400;Card;Dota 2;4.5;0
SESS-10232;2026-08-15 00:59:00;USR-1797;35;Standard;2;160;180;App;CS2;2.0;1
SESS-10066;2026-08-27 22:07:00;USR-1655;21;Standard;2;0;200;Card;CS2;3.0;0
SESS-11603;2026-08-18 21:40:00;USR-1167;17;Standard;3;0;300;Card;CS2;1.0;0
SESS-16168;2026-08-15 18:13:00;USR-1314;21;Standard;2;0;200;Card;Dota 2;4.0;0
SESS-13283;2026-08-27 09:08:00;USR-1538;16;Standard;1;0;100;App;Minecraft;4.0;0
SESS-13596;2026-08-31 14:15:00;USR-1154;22;Standard;3;0;270;App;Valorant;4.5;1
SESS-16288;2026-08-15 12:11:00;USR-1031;24;Standard;5;1000;500;Card;CS2;4.5;0
SESS-14632;2026-08-01 08:53:00;USR-1519;17;VIP;8;0;1440;App;Dota 2;4.0;1
SESS-10125;2026-08-21 00:31:00;USR-1058;15;Standard;2;240;180;App;Minecraft;5.0;1
SESS-16229;2026-08-28 21:58:00;USR-1115;32;Bootcamp;3;610;450;Card;CS2;5.0;0
SESS-15350;2026-08-20 11:54:00;USR-1600;20;PS5;3;0;750;Card;Valorant;4.5;0
SESS-11296;2026-08-18 05:18:00;USR-1487;16;Standard;2;0;200;Card;Dota 2;4.0;0
SESS-11976;2026-08-12 03:07:00;USR-1433;22;VIP;8;890;1600;Card;Dota 2;3.0;0
SESS-16815;2026-08-11 19:09:00;USR-1762;22;Bootcamp;1;0;135;Card;CS2;4.0;1
SESS-16762;2026-08-09 23:54:00;USR-1273;14;VIP;2;0;360;App;CS2;3.0;1
SESS-12075;2026-08-13 01:02:00;USR-1742;22;Standard;3;150;300;App;Apex Legends;4.5;0
SESS-14580;08/19/26;USR-1772;25;Standard;1;200;100;Cash;Valorant;4.0;0
SESS-15750;2026-08-08 00:11:00;USR-1569;19;Standard;4;0;400;Card;Dota 2;5.0;0
SESS-17122;2026-08-28 09:48:00;USR-1167;17;Standard;1;120;100;Card;Valorant;4.5;0
SESS-13086;2026-08-10 05:06:00;USR-1195;16;Standard;4;0;360;Card;CS2;4.0;1
SESS-17244;2026-08-30 18:57:00;USR-1283;33;VIP;2;0;400;Card;Deadlock;4.0;0
SESS-13345;2026-08-21 13:39:00;USR-1235;25;Standard;1;0;100;App;Dota 2;2.0;0
SESS-16737;2026-08-06 23:49:00;USR-1738;37;Bootcamp;1;0;150;Card;Minecraft;5.0;0
SESS-15870;2026-08-05 13:11:00;USR-1721;20;VIP;2;0;360;;GTA V;5.0;1
SESS-12797;2026-08-07 07:45:00;USR-1732;23;Standard;4;800;400;Card;Valorant;4.5;0
SESS-10918;2026-08-18 07:34:00;USR-1308;15;Standard;2;0;200;Card;Valorant;5.0;0
SESS-11646;2026-08-14 07:06:00;USR-1577;23;Bootcamp;1;300;135;Card;Deadlock;5.0;1
SESS-15122;2026-08-11 06:24:00;USR-1231;27;Standard;3;240;300;Card;Dota 2;4.5;0
SESS-15126;2026-08-13 10:42:00;USR-1257;26;Standard;3;240;300;Card;GTA V;2.0;0
SESS-14978;2026-08-27 13:16:00;USR-1633;14;VIP;3;0;600;Card;PUBG;3.0;0
SESS-15431;2026-08-03 16:00:00;USR-1203;25;Bootcamp;2;0;300;App;CS2;3.0;0
SESS-14621;2026-08-15 06:27:00;USR-1180;17;VIP;1;330;200;Card;Dota 2;4.0;0
SESS-10364;2026-08-06 11:46:00;USR-1214;25;Bootcamp;2;490;300;Card;Valorant;5.0;0
SESS-13287;2026-08-19 04:56:00;USR-1687;21;;Standard;1;0;Cash;CS2;3.0;0
SESS-12125;2026-08-23 05:40:00;USR-1748;25;Standard;3;0;300;Card;Minecraft;4.5;0
SESS-14123;2026-08-30 18:11:00;USR-1700;17;Bootcamp;2;490;300;Cash;CS2;1.0;0
SESS-14569;02.08.2026;USR-1495;16;Standard;3;0;270;Card;Apex Legends;4.0;1
SESS-10525;2026-08-23 13:17:00;USR-1312;25;VIP;3;0;600;Card;Cyberpunk 2077;1.0;0
;2026-08-10 11:08:00;;23;Bootcamp;3;0;450;Card;PUBG;4.5;0
SESS-10055;2026-08-15 01:35:00;USR-1060;18;VIP;4;420;800;Card;Dota 2;5.0;0
SESS-10638;2026-08-31 03:10:00;USR-1489;16;VIP;1;300;200;Card;CS2;5.0;0
SESS-10302;2026-08-29 23:27:00;USR-1714;18;PS5;2;0;450;Card;Dota 2;4.0;1
SESS-12766;2026-08-18 22:12:00;USR-1593;20;VIP;4;0;720;Card;Cyberpunk 2077;3.0;1
SESS-15811;2026-08-25 06:59:00;USR-1305;19;VIP;5;0;1000;Card;Deadlock;3.0;0
SESS-11276;2026-08-03 02:45:00;USR-1239;24;Standard;8;400;800;Card;Dota 2;5.0;0
SESS-17066;2026-08-05 01:31:00;USR-1657;17;Standard;2;0;200;Cash;Dota 2;4.5;0
SESS-14720;2026-08-29 13:51:00;USR-1555;22;VIP;2;0;400;Card;CS2;5.0;0
SESS-12055;2026-08-01 07:05:00;USR-1219;20;Bootcamp;2;0;270;Card;CS2;4.0;1
SESS-15376;2026-08-23 15:01:00;USR-1436;23;Standard;1;120;100;Card;Dota 2;3.0;0
SESS-15145;2026-08-19 22:58:00;USR-1166;26;Standard;3;0;300;Card;Valorant;4.5;0
SESS-14432;2026-08-17 06:18:00;USR-1270;24;Bootcamp;12;0;1800;Card;Deadlock;4.5;0
SESS-13644;2026-08-05 22:34:00;USR-1315;17;Bootcamp;1;150;150;App;Valorant;4.0;0
SESS-14143;2026-08-13 22:30:00;USR-1039;20;Standard;12;0;1200;Card;Apex Legends;4.5;0
SESS-12878;2026-08-20 01:17:00;USR-1768;22;VIP;3;0;540;Card;CS2;5.0;1
SESS-14202;2026-08-04 17:25:00;USR-1086;24;Standard;2;0;200;;PUBG;5.0;0
SESS-16493;2026-08-02 11:57:00;USR-1290;31;VIP;2;0;360;Card;Apex Legends;5.0;1
SESS-15175;2026-08-31 16:07:00;USR-1540;26;VIP;5;0;900;Card;Dota 2;5.0;1
SESS-12286;2026-08-20 06:49:00;USR-1275;24;Standard;3;600;270;Cash;CS2;4.0;1
SESS-12261;2026-08-11 07:50:00;USR-1677;25;Standard;2;160;200;Card;Minecraft;;0
SESS-15240;2026-08-23 14:58:00;USR-1180;17;Standard;2;240;200;App;Valorant;5.0;0
SESS-16712;2026-08-25 17:11:00;USR-1190;26;VIP;8;0;1600;Card;Dota 2;4.0;0
SESS-12296;2026-08-13 08:41:00;USR-1724;3;Bootcamp;-2;0;450;Card;CS2;4.5;0
SESS-15932;2026-08-29 19:03:00;USR-1184;23;Bootcamp;4;300;540;Card;Dota 2;3.0;1
SESS-11753;2026-08-25 22:06:00;USR-1649;16;Bootcamp;3;250;450;Card;CS2;4.0;0
SESS-15197;2026-08-28 22:45:00;USR-1007;17;Standard;1;120;100;Cash;PUBG;5.0;0
SESS-11968;2026-08-24 00:58:00;USR-1721;20;Standard;5;0;450;App;Apex Legends;4.0;1
SESS-16555;2026-08-03 19:30:00;USR-1303;27;Bootcamp;2;0;300;Card;Deadlock;4.0;0
SESS-13117;2026-08-14 21:19:00;USR-1064;19;Bootcamp;3;0;450;Cash;CS2;4.0;0
SESS-12393;2026-08-14 20:30:00;USR-1199;26;Standard;1;0;100;Card;Minecraft;3.0;0
SESS-10523;2026-08-14 10:00:00;USR-1749;14;Bootcamp;4;450;600;Card;PUBG;4.0;0
;2026-08-15 13:03:00;USR-1582;19;VIP;4;420;800;Card;Dota 2;4.5;0
SESS-15524;2026-08-22 04:48:00;USR-1749;14;Standard;1;80;100;App;Dota 2;5.0;0
SESS-13900;2026-08-31 02:36:00;USR-1104;26;VIP;12;0;2400;App;Dota 2;5.0;0
SESS-17029;2026-08-13 17:01:00;USR-1678;14;Standard;3;0;300;Card;CS2;4.0;0
SESS-14699;2026-08-05 12:46:00;USR-1559;18;VIP;3;460;600;App;Valorant;4.5;0
SESS-15585;2026-08-02 02:11:00;USR-1099;21;Bootcamp;4;0;600;Card;Dota 2;5.0;0
SESS-16657;2026-08-19 13:11:00;USR-1003;24;Bootcamp;2;490;270;App;Dota 2;4.5;1
SESS-13122;2026-08-20 10:57:00;USR-1420;14;VIP;1;0;200;App;GTA V;3.0;0
SESS-14156;2026-08-21 13:19:00;USR-1396;15;Standard;3;0;300;Card;Minecraft;5.0;0
SESS-11969;2026-08-14 01:31:00;USR-1192;38;Bootcamp;1;0;150;Card;Minecraft;5.0;0
SESS-10671;2026-08-18 09:17:00;USR-1699;29;Standard;1;120;100;Cash;Valorant;4.0;0
SESS-14188;2026-08-27 13:33:00;USR-1761;18;Standard;1;0;100;Card;PUBG;1.0;0
SESS-10666;2026-08-19 19:43:00;USR-1184;23;Standard;1;200;90 руб.;Card;Apex Legends;4.5;1
SESS-16534;2026-08-04 02:15:00;USR-1324;14;Standard;2;400;200;Cash;CS2;4.0;0
SESS-11887;2026-08-02 03:33:00;USR-1169;15;VIP;2;500;360;App;Dota 2;2.0;1
SESS-13266;2026-08-25 14:08:00;USR-1580;23;Bootcamp;5;0;675;App;Apex Legends;4.5;1
SESS-10280;2026-08-24 16:59:00;USR-1624;18;Standard;3;600;300;Card;Apex Legends;3.0;0
SESS-11719;2026-08-04 12:20:00;USR-1051;23;Standard;3;240;300;Card;Valorant;3.0;0
SESS-12947;2026-08-22 03:52:00;USR-1109;22;Standard;2;0;180;Card;Dota 2;4.5;1
SESS-14455;2026-08-16 22:58:00;USR-1420;14;Standard;3;0;300;Card;CS2;4.0;0
SESS-10899;2026-08-06 03:49:00;USR-1301;23;Standard;5;400;500;Card;Dota 2;3.0;0
SESS-16031;2026-08-01 08:15:00;USR-1111;35;Bootcamp;3;0;450;Card;Apex Legends;4.0;0
SESS-17309;2026-08-13 23:24:00;USR-1526;15;Bootcamp;1;0;135;Card;CS2;4.5;1
SESS-16090;2026-08-24 14:05:00;USR-1109;22;Standard;12;0;1200;App;CS2;4.5;0
SESS-16610;2026-08-13 16:55:00;USR-1010;33;VIP;4;450;800;Card;CS2;4.5;0
SESS-10760;2026-08-13 18:36:00;USR-1351;24;VIP;2;0;400;App;Dota 2;4.5;0
SESS-16254;2026-08-02 02:22:00;USR-1606;21;Bootcamp;5;0;750;Card;CS2;3.0;0
SESS-11906;2026-08-23 17:17:00;USR-1429;34;Standard;4;0;400;App;Dota 2;1.0;0
SESS-14042;2026-08-10 05:05:00;USR-1196;18;Standard;3;600;300;Card;CS2;4.5;0
SESS-13823;2026-08-26 18:05:00;USR-1245;19;Standard;3;360;300;Card;CS2;4.5;0
SESS-14138;2026-08-03 22:12:00;USR-1650;16;PS5;4;800;1000;Cash;Apex Legends;5.0;0
SESS-13818;2026-08-31 02:08:00;USR-1286;15;VIP;8;0;1600;App;Dota 2;4.0;0
SESS-16269;2026-08-27 18:30:00;USR-1140;20;VIP;2;200;400;Cash;Valorant;3.0;0
SESS-14300;2026-08-10 17:57:00;USR-1078;20;VIP;3;0;600;App;Valorant;3.0;0
SESS-15569;2026-08-02 22:18:00;USR-1033;20;Bootcamp;1;0;150;App;CS2;5.0;0
SESS-16196;2026-08-03 07:27:00;USR-1659;30;VIP;8;0;1600;Card;Dota 2;3.0;0
SESS-12593;2026-08-31 18:44:00;USR-1694;18;Standard;2;0;200;Card;Minecraft;4.5;0
SESS-14164;2026-08-17 22:51:00;USR-1655;21;VIP;8;740;1600;Card;Cyberpunk 2077;4.0;0
SESS-13031;2026-08-10 00:24:00;USR-1614;15;VIP;3;0;600;App;Valorant;4.0;0
SESS-15971;2026-08-21 01:16:00;USR-1037;38;VIP;3;0;600;App;Valorant;4.0;0
SESS-13579;2026-08-31 17:54:00;USR-1692;27;Standard;2;400;200;Cash;CS2;4.0;0
SESS-12832;2026-08-19 21:44:00;USR-1399;23;Bootcamp;2;410;300;Card;CS2;4.5;0
SESS-15449;2026-08-29 11:20:00;USR-1128;21;Bootcamp;3;0;450;App;CS2;1.0;0
SESS-13472;2026-08-01 11:23:00;USR-1728;17;VIP;2;0;360;Card;Valorant;4.5;1
SESS-16327;2026-08-08 01:29:00;USR-1576;36;VIP;2;0;400;App;CS2;3.0;0
SESS-10137;2026-08-23 18:07:00;USR-1138;19;Bootcamp;2;0;300;Card;Apex Legends;4.5;0
SESS-14892;2026-08-13 16:19:00;USR-1240;21;VIP;5;500;1000;Card;Valorant;2.0;0
SESS-12180;2026-08-02 20:54:00;USR-1150;27;VIP;2;260;400;Cash;CS2;5.0;0
SESS-12128;2026-08-07 23:02:00;USR-1737;19;Standard;1;0;100;Card;Minecraft;4.0;0
SESS-13177;2026-08-15 04:30:00;USR-1001;16;Standard;2;100;200;Card;CS2;4.5;0
SESS-14854;2026-08-21 12:34:00;USR-1171;39;Standard;5;0;500;Card;Dota 2;4.0;0
SESS-14637;2026-08-29 03:08:00;USR-1215;32;VIP;8;0;1600;Cash;Minecraft;4.0;0
SESS-15115;2026-08-25 06:02:00;USR-1480;16;Bootcamp;3;700;450;Card;CS2;4.5;0
SESS-16579;2026-08-27 12:55:00;USR-1122;22;Standard;1;0;90;App;CS2;4.0;1
SESS-14261;2026-08-29 13:56:00;USR-1452;14;Standard;4;0;360;App;PUBG;4.0;1
SESS-14344;2026-08-10 08:14:00;USR-1470;22;Standard;4;0;400;Card;Dota 2;5.0;0
SESS-11331;2026-08-22 12:14:00;USR-1608;25;Standard;2;160;200;Card;CS2;5.0;0
SESS-12017;2026-08-28 00:18:00;USR-1761;18;Standard;1;0;100;Card;CS2;3.0;0
SESS-14542;2026-08-29 15:04:00;USR-1292;14;Standard;2;160;200;Card;Dota 2;4.5;0
SESS-12482;2026-08-29 10:22:00;USR-1582;19;Bootcamp;1;0;150;App;Dota 2;5.0;0
SESS-11358;2026-08-27 18:06:00;USR-1520;26;Standard;2;100;200;Card;Minecraft;4.0;0
SESS-16241;2026-08-29 08:51:00;USR-1216;20;Bootcamp;3;0;450;Card;Dota 2;4.5;0
SESS-11329;2026-08-07 13:12:00;USR-1323;20;Standard;2;0;200;Card;Dota 2;5.0;0
SESS-12498;2026-08-11 02:23:00;USR-1351;24;Standard;5;250;450;App;GTA V;3.0;1
SESS-12150;2026-08-04 12:44:00;USR-1116;35;Bootcamp;1;0;150;Card;Deadlock;5.0;0
SESS-14530;2026-08-31 15:31:00;USR-1148;21;Standard;3;0;300;Card;Minecraft;5.0;0
SESS-12122;2026-08-12 08:19:00;USR-1452;14;Standard;2;100;180;Card;Valorant;5.0;1
SESS-14673;2026-08-02 21:23:00;USR-1110;17;Standard;8;0;800;App;Dota 2;4.5;0
SESS-13981;2026-08-20 01:59:00;USR-1601;27;PS5;4;0;1000;Card;Dota 2;3.0;0
SESS-11252;2026-08-17 15:04:00;USR-1273;14;Standard;3;0;300;Card;CS2;4.0;0
SESS-13278;2026-08-31 23:41:00;USR-1161;19;;PS5;3;600;Card;Dota 2;5.0;1
SESS-13374;2026-08-04 01:54:00;USR-1349;20;PS5;3;600;750;Card;Valorant;5.0;0
SESS-12814;2026-08-28 11:31:00;USR-1644;22;Bootcamp;4;1050;600;Card;Minecraft;1.0;0
SESS-14719;2026-08-04 07:24:00;USR-1589;19;Standard;1;120;100;App;Minecraft;4.0;0
SESS-16544;2026-08-29 14:57:00;USR-1544;19;VIP;2;490;360;Card;Dota 2;4.0;1
SESS-11848;2026-08-17 20:46:00;USR-1685;23;Standard;1;0;100;App;CS2;5.0;0
SESS-14858;2026-08-08 05:51:00;USR-1224;42;Bootcamp;4;0;600;Cash;CS2;5.0;0
SESS-13037;2026-08-01 14:19:00;USR-1104;26;VIP;12;0;2400;Card;Dota 2;4.0;0
SESS-10388;2026-08-16 22:10:00;USR-1531;22;VIP;1;300;200;Card;Valorant;;0
SESS-10235;2026-08-30 10:47:00;USR-1299;21;VIP;2;0;400;Card;Dota 2;4.0;0
SESS-11077;2026-08-08 11:28:00;USR-1642;19;VIP;2;350;4ОО;Card;Apex Legends;4.0;0
SESS-11984;2026-08-11 18:10:00;USR-1085;38;Bootcamp;4;580;540;Cash;Minecraft;5.0;1
SESS-14363;2026-08-12 22:21:00;USR-1052;15;Bootcamp;3;0;450;Card;Dota 2;5.0;0
SESS-13962;2026-08-01 05:29:00;USR-1723;18;PS5;3;0;75О;Card;CS2;3.0;0
SESS-10770;2026-08-06 03:17:00;USR-1312;25;Standard;2;0;200;App;CS2;4.0;0
SESS-12165;2026-08-22 18:05:00;USR-1579;27;Standard;3;0;300;Card;CS2;5.0;0
SESS-14533;2026-08-02 12:46:00;USR-1646;19;VIP;1;180;200;App;CS2;;0
SESS-10673;2026-08-17 01:15:00;USR-1441;21;Standard;1;0;100;Card;CS2;3.0;0
SESS-10249;2026-08-25 23:22:00;USR-1008;16;Standard;2;160;200;Card;CS2;4.5;0
SESS-16297;2026-08-03 18:50:00;USR-1134;22;Standard;4;0;400;Card;GTA V;4.0;0
SESS-11574;2026-08-14 08:38:00;USR-1340;15;Standard;1;0;100;Card;Dota 2;4.5;0
SESS-16238;2026-08-02 21:44:00;USR-1308;15;PS5;2;0;500;App;Valorant;4.5;0
SESS-13419;2026-08-20 00:25:00;USR-1050;27;VIP;4;300;800;App;PUBG;4.0;0
SESS-12081;2026-08-11 09:13:00;USR-1356;16;Standard;4;0;360;Card;PUBG;4.5;1
SESS-11823;2026-08-24 18:52:00;USR-1387;25;Standard;1;0;100;Card;Dota 2;2.0;0
SESS-16979;2026-08-13 22:36:00;USR-1755;28;Bootcamp;2;0;300;Card;Dota 2;4.0;0
SESS-17212;2026-08-10 18:59:00;USR-1413;15;;Standard;2;0;App;Valorant;4.5;0
SESS-14544;2026-08-14 05:40:00;USR-1273;14;Standard;3;0;300;Card;CS2;4.5;0
SESS-15565;2026-08-06 04:55:00;USR-1540;26;Standard;5;600;500;Card;Dota 2;2.0;0
SESS-10716;2026-08-21 12:02:00;USR-1201;15;Standard;3;0;3ОО;Card;CS2;4.0;0
SESS-16728;2026-08-10 06:36:00;USR-1379;18;Standard;2;0;180;Card;PUBG;5.0;1
SESS-17210;2026-08-21 08:07:00;USR-1445;15;PS5;5;600;1250;App;Valorant;4.0;0
SESS-12048;2026-08-05 09:39:00;USR-1786;24;Standard;1;0;100 руб.;Card;Valorant;4.5;0
SESS-15997;2026-08-21 14:18:00;USR-1540;26;Bootcamp;1;0;135;Card;CS2;5.0;1
SESS-16600;2026-08-22 11:57:00;USR-1346;15;Standard;2;0;180;Card;Dota 2;4.0;1
SESS-15264;2026-08-15 14:15:00;USR-1055;24;Bootcamp;1;370;150;App;CS2;4.0;0
SESS-14178;2026-08-31 17:37:00;USR-1227;24;VIP;3;0;540;App;Valorant;4.0;1
SESS-14809;2026-08-08 23:32:00;USR-1176;20;VIP;2;340;400;Card;Dota 2;;0
SESS-12724;2026-08-03 14:42:00;USR-1304;22;Bootcamp;2;0;300;Card;Dota 2;4.0;0
SESS-16819;2026-08-20 09:53:00;USR-1719;23;Standard;4;0;400;Card;Valorant;3.0;0
SESS-11460;2026-08-28 20:47:00;USR-1796;26;PS5;2;0;450;App;PUBG;2.0;1
SESS-15989;2026-08-26 19:00:00;USR-1257;26;VIP;1;0;200;Card;Dota 2;5.0;0
SESS-11668;2026-08-22 05:34:00;USR-1305;19;Bootcamp;2;0;300;Card;Dota 2;4.5;0
SESS-12756;2026-08-31 00:32:00;USR-1575;16;VIP;2;0;400;Card;CS2;3.0;0
SESS-12000;2026-08-10 20:16:00;USR-1044;17;VIP;2;260;400;App;Dota 2;4.5;0
SESS-14571;2026-08-11 01:20:00;USR-1594;15;Standard;2;0;180;;Dota 2;4.5;1
SESS-14613;2026-08-23 14:46:00;USR-1047;32;PS5;1;0;250;Card;Minecraft;4.0;0
SESS-10404;2026-08-19 23:53:00;USR-1448;34;VIP;1;180;200;Card;CS2;4.0;0
SESS-10384;2026-08-29 21:41:00;USR-1418;16;Standard;2;100;200;Cash;CS2;5.0;0
SESS-16775;2026-08-09 06:48:00;USR-1684;29;VIP;3;610;540;App;Valorant;5.0;1
SESS-12152;2026-08-30 08:03:00;USR-1766;33;Bootcamp;2;0;270;Card;PUBG;2.0;1
SESS-11633;2026-08-29 01:09:00;USR-1620;16;Standard;4;0;400;App;PUBG;4.5;0
SESS-16911;2026-08-31 00:31:00;USR-1007;17;PS5;1;0;250;Card;CS2;1.0;0
SESS-15580;2026-08-26 16:58:00;USR-1530;21;Standard;3;0;300;Cash;Dota 2;4.5;0
SESS-14784;2026-08-20 15:24:00;USR-1548;16;VIP;2;0;400;;PUBG;5.0;0
SESS-13925;2026-08-26 19:14:00;USR-1183;22;Standard;1;80;100;App;Valorant;4.5;0
SESS-15336;2026-08-14 09:28:00;USR-1110;17;Standard;2;100;200;App;CS2;5.0;0
SESS-14158;2026-08-02 07:37:00;USR-1572;15;Bootcamp;3;0;450;App;Valorant;4.0;0
SESS-14948;2026-08-26 04:19:00;USR-1500;26;Standard;3;240;300;Cash;Apex Legends;2.0;0
SESS-15898;2026-08-24 22:25:00;USR-1634;28;PS5;3;0;750;App;Dota 2;5.0;0
SESS-16838;2026-08-25 20:37:00;USR-1436;23;Standard;3;0;300;Card;CS2;4.5;0
SESS-15358;2026-08-26 14:20:00;USR-1641;34;Standard;2;0;200;Card;CS2;1.0;0
SESS-10223;2026-08-27 20:44:00;USR-1018;26;VIP;4;730;800;Card;PUBG;3.0;0
SESS-12193;2026-08-15 18:43:00;USR-1468;32;Standard;4;800;400;App;Minecraft;1.0;0
SESS-13136;2026-08-14 19:42:00;USR-1369;20;VIP;2;0;400;Card;Deadlock;;0
SESS-14469;2026-08-27 01:12:00;USR-1264;20;Standard;3;0;300;Card;CS2;3.0;0
SESS-11824;2026-08-19 20:27:00;USR-1683;25;Standard;4;0;400;App;Deadlock;5.0;0
SESS-16930;2026-08-31 22:48:00;USR-1081;34;PS5;3;0;750;App;CS2;4.0;0
SESS-15124;2026-08-09 08:05:00;USR-1000;14;Standard;2;0;200;Card;Dota 2;4.0;0
SESS-14972;2026-08-09 07:50:00;USR-1454;18;Bootcamp;2;0;300;Card;Minecraft;3.0;0
SESS-10797;2026-08-01 04:13:00;USR-1119;19;Standard;3;0;300;App;Minecraft;4.0;0
SESS-12871;2026-08-29 03:36:00;USR-1057;32;Bootcamp;3;0;450;Card;Minecraft;4.5;0
SESS-10009;2026-08-08 08:38:00;USR-1399;23;Standard;3;150;300;App;Dota 2;4.0;0
SESS-16593;2026-08-21 02:12:00;USR-1758;23;VIP;3;0;600 ₽;App;Dota 2;4.5;0
SESS-11944;2026-08-20 07:40:00;USR-1795;20;VIP;3;0;600;App;Valorant;4.0;0
SESS-11838;2026-08-03 17:55:00;USR-1340;15;VIP;4;0;800;App;Deadlock;3.0;0
SESS-14804;2026-08-29 06:59:00;USR-1111;35;PS5;3;240;750;App;Valorant;4.5;0
SESS-10255;2026-08-22 15:10:00;USR-1273;14;PS5;1;120;225;Card;Minecraft;4.0;1
SESS-15713;2026-08-30 07:10:00;USR-1610;22;Standard;2;0;200;Card;CS2;5.0;0
SESS-14485;2026-08-14 19:15:00;USR-1108;33;Standard;1;200;100;Cash;Dota 2;5.0;0
SESS-16798;2026-08-06 06:29:00;USR-1589;19;Standard;3;150;300;Cash;Valorant;4.0;0
SESS-11581;2026-08-11 18:22:00;USR-1332;17;Standard;1;0;100;App;PUBG;5.0;0
SESS-12956;2026-08-16 23:22:00;USR-1613;20;Bootcamp;1;330;135;Card;CS2;4.5;1
SESS-10924;2026-08-21 09:34:00;USR-1366;24;Bootcamp;3;490;450;Cash;Dota 2;1.0;0
SESS-16684;2026-08-01 01:35:00;USR-1673;16;Bootcamp;3;0;405;App;Apex Legends;5.0;1
SESS-12508;2026-08-31 05:38:00;USR-1279;16;Standard;2;0;200;Cash;CS2;5.0;0
SESS-16132;2026-08-30 03:59:00;USR-1461;27;Bootcamp;12;0;1800;Card;CS2;5.0;0
SESS-15024;2026-08-15 03:58:00;USR-1673;16;PS5;3;0;675;App;Minecraft;4.0;1
;2026-08-27 21:16:00;USR-1074;17;Standard;8;960;800;Card;Dota 2;4.0;0
SESS-16645;2026-08-14 02:22:00;USR-1013;22;Bootcamp;2;0;300;Card;CS2;4.5;0
SESS-16042;2026-08-14 01:23:00;USR-1051;23;Standard;4;800;400;Card;CS2;2.0;0
SESS-13775;2026-08-15 08:57:00;USR-1761;18;VIP;2;0;400;Card;PUBG;4.5;0
SESS-14835;2026-08-29 12:22:00;USR-1691;22;Bootcamp;2;0;300;App;Apex Legends;2.0;0
SESS-14136;2026-08-20 01:54:00;USR-1204;14;Standard;12;0;1200;Card;CS2;4.5;0
SESS-14964;2026-08-11 07:33:00;USR-1497;14;Standard;4;0;400;Card;CS2;2.0;0
SESS-12779;2026-08-06 22:01:00;USR-1216;20;Bootcamp;2;0;300;Cash;Dota 2;;0
SESS-10539;2026-08-27 05:34:00;USR-1260;21;VIP;3;0;600;App;Valorant;3.0;0
SESS-12745;2026-08-15 09:04:00;USR-1075;14;PS5;1;120;250;Card;Dota 2;2.0;0
SESS-16782;2026-08-26 13:17:00;USR-1055;24;VIP;1;300;180;Card;PUBG;5.0;1
SESS-16890;2026-08-03 23:07:00;USR-1777;23;Bootcamp;2;650;300;App;Minecraft;4.5;0
SESS-15467;2026-08-17 16:32:00;USR-1792;36;Bootcamp;4;0;600;App;Valorant;4.5;0
SESS-11145;2026-08-15 19:10:00;USR-1727;25;Standard;1;0;100;App;Valorant;4.5;0
SESS-15127;2026-08-12 11:21:00;USR-1235;25;Standard;2;0;200;Cash;PUBG;4.0;0
SESS-14468;2026-08-27 21:20:00;USR-1222;17;Bootcamp;2;0;300;App;CS2;5.0;0
SESS-10667;2026-08-21 23:34:00;USR-1007;17;Bootcamp;4;420;600;Card;CS2;4.5;0
SESS-13019;2026-08-06 00:26:00;USR-1753;3;Standard;999;0;270;Card;CS2;5.0;1
SESS-10357;2026-08-29 06:26:00;USR-1460;28;Standard;2;0;200;Card;Dota 2;3.0;0
SESS-15063;2026-08-21 06:07:00;USR-1591;20;Bootcamp;1;370;150;Cash;Valorant;5.0;0
SESS-12831;2026-08-12 06:18:00;USR-1584;14;Standard;5;250;500;App;Valorant;5.0;0
SESS-12783;2026-08-07 10:13:00;USR-1437;15;Standard;3;360;300;Card;CS2;5.0;0
SESS-11353;2026-08-21 03:55:00;USR-1742;22;PS5;1;80;250;App;Dota 2;3.0;0
SESS-15131;2026-08-11 19:41:00;USR-1642;19;PS5;3;0;750;Card;CS2;4.0;0
SESS-10470;2026-08-07 00:17:00;USR-1568;21;Standard;1;0;100;App;Valorant;4.5;0
SESS-12703;2026-08-02 12:29:00;USR-1039;20;Bootcamp;3;0;450;App;Dota 2;4.0;0
SESS-13330;2026-08-07 01:38:00;USR-1488;16;PS5;3;0;750;Card;CS2;5.0;0
SESS-13637;2026-08-18 10:49:00;USR-1752;24;Standard;3;0;300;Card;Valorant;2.0;0
SESS-11396;2026-08-10 07:15:00;USR-1217;14;Standard;3;0;300;Card;Dota 2;3.0;0
SESS-13584;2026-08-22 12:09:00;USR-1073;15;Standard;2;400;180;Card;Minecraft;4.0;1
SESS-16769;2026-08-28 13:24:00;USR-1339;18;Bootcamp;12;700;1620;Card;Apex Legends;4.0;1
SESS-15262;2026-08-14 14:36:00;USR-1154;22;Standard;2;0;180;Card;CS2;5.0;1
SESS-15645;2026-08-19 23:08:00;USR-1466;31;Standard;3;0;300;Card;Minecraft;4.0;0
SESS-13376;2026-08-23 17:11:00;USR-1330;18;Standard;3;600;300;Card;Dota 2;3.0;0
SESS-11256;26.08.2026;USR-1215;32;PS5;4;200;1000;Card;CS2;1.0;0
SESS-16190;2026-08-06 15:58:00;USR-1173;15;Standard;2;0;200;Cash;Dota 2;4.5;0
SESS-13512;2026-08-22 09:48:00;USR-1082;32;VIP;4;0;800;Card;GTA V;4.5;0
SESS-15651;2026-08-20 14:02:00;USR-1606;21;PS5;2;0;500;Card;Dota 2;3.0;0
SESS-15778;2026-08-05 21:25:00;USR-1527;17;Standard;2;0;200;Card;CS2;3.0;0
SESS-11250;2026-08-12 07:43:00;USR-1132;17;VIP;3;0;600;App;Dota 2;5.0;0
;2026-08-03 20:13:00;;20;Standard;2;0;180;Cash;Dota 2;4.5;1
SESS-15348;2026-08-08 19:14:00;USR-1121;21;Bootcamp;3;0;405;App;CS2;4.5;1
SESS-17247;2026-08-07 23:09:00;USR-1693;31;Standard;3;0;300;Card;Valorant;5.0;0
SESS-14298;2026-08-11 03:39:00;USR-1251;14;Standard;3;0;270;Card;Minecraft;4.0;1
SESS-13284;2026-08-05 12:42:00;USR-1159;24;Standard;2;160;180;Card;Minecraft;4.5;1
SESS-12933;2026-08-16 05:26:00;USR-1338;22;Standard;3;0;270;Card;Dota 2;4.0;1
SESS-14175;2026-08-20 19:26:00;USR-1699;29;Bootcamp;4;0;600;Card;Dota 2;4.5;0
SESS-15268;2026-08-05 14:51:00;USR-1093;17;Standard;3;600;300;Card;Dota 2;5.0;0
;2026-08-24 18:44:00;;24;Standard;1;200;100;App;Apex Legends;4.5;0
SESS-11852;2026-08-08 00:07:00;USR-1593;20;VIP;4;0;800;Card;CS2;3.0;0
SESS-16316;2026-08-05 16:04:00;USR-1092;17;Standard;2;0;200;Cash;CS2;3.0;0
SESS-17057;2026-08-19 00:02:00;USR-1709;17;Bootcamp;1;0;150;Card;Dota 2;5.0;0
SESS-15661;2026-08-26 00:45:00;USR-1548;16;Standard;3;0;300;Card;CS2;4.5;0
SESS-12105;2026-08-15 16:13:00;USR-1338;22;PS5;2;0;450;Card;Minecraft;4.0;1
SESS-10133;2026-08-07 10:26:00;USR-1551;15;Standard;4;0;400;Card;Dota 2;4.5;0
SESS-15236;2026-08-19 01:52:00;USR-1365;24;;Standard;12;0;Cash;CS2;4.0;0
SESS-15029;2026-08-11 14:22:00;USR-1546;29;Standard;3;150;300;Card;Dota 2;4.0;0
SESS-10928;2026-08-01 11:17:00;USR-1361;20;Standard;3;0;270;Card;PUBG;5.0;1
SESS-10823;2026-08-20 17:04:00;USR-1048;20;VIP;1;370;200;Card;CS2;4.0;0
SESS-16855;2026-08-09 00:21:00;USR-1353;25;PS5;2;160;500;Card;Dota 2;4.5;0
;2026-08-12 11:55:00;USR-1200;14;Standard;2;0;200;App;Browser/Work;3.0;0
SESS-11214;2026-08-09 04:23:00;USR-1486;23;VIP;5;700;1000;Card;Minecraft;4.0;0
SESS-10504;2026-08-31 19:36:00;USR-1778;17;Bootcamp;1;150;150;Card;PUBG;4.0;0
SESS-14285;2026-08-04 05:16:00;USR-1103;20;PS5;3;0;750;Card;Dota 2;3.0;0
SESS-16491;2026-08-12 08:12:00;USR-1766;33;VIP;5;0;1000;Card;Cyberpunk 2077;4.0;0
SESS-11996;2026-08-30 02:05:00;USR-1334;24;Standard;2;240;200;Card;CS2;4.0;0
SESS-16530;2026-08-05 11:57:00;USR-1446;24;Standard;1;0;90;Card;Minecraft;4.5;1
SESS-13072;2026-08-09 14:43:00;USR-1455;31;VIP;8;0;1600;Card;Apex Legends;4.0;0
SESS-11958;2026-08-21 07:06:00;USR-1665;23;Standard;1;120;100;Card;Browser/Work;4.5;0
SESS-11384;2026-08-02 21:43:00;USR-1778;17;Bootcamp;5;0;750;Cash;Valorant;4.5;0
SESS-10894;2026-08-14 15:41:00;USR-1071;14;Bootcamp;12;0;1800;Card;Dota 2;5.0;0
SESS-14924;2026-08-27 07:21:00;USR-1015;23;Standard;2;400;200;App;PUBG;5.0;0
SESS-10455;2026-08-28 05:04:00;USR-1682;17;Standard;1;0;100;Cash;Dota 2;4.0;0
SESS-16619;2026-08-16 19:46:00;USR-1656;35;VIP;1;0;200;App;Minecraft;5.0;0
SESS-15779;2026-08-04 08:38:00;USR-1094;16;Standard;2;0;200;Card;Valorant;5.0;0
SESS-16987;2026-08-25 10:01:00;USR-1165;14;PS5;1;200;250;Card;Valorant;3.0;0
SESS-13709;2026-08-24 15:09:00;USR-1768;22;Bootcamp;2;0;270;Card;Dota 2;5.0;1
SESS-16961;2026-08-19 19:55:00;USR-1555;22;VIP;1;0;200 руб.;Card;CS2;4.5;0
SESS-14849;2026-08-26 19:50:00;USR-1480;16;Bootcamp;3;460;450;App;PUBG;3.0;0
SESS-14748;2026-08-04 15:57:00;USR-1701;22;VIP;3;0;540;Card;CS2;4.0;1
SESS-14268;2026-08-04 02:59:00;USR-1141;24;Standard;2 часа;0;200;Cash;Minecraft;4.5;0
SESS-13522;2026-08-23 21:17:00;USR-1776;16;PS5;2;0;500;Card;CS2;4.0;0
SESS-14134;2026-08-22 19:04:00;USR-1228;19;Standard;3;360;300;Card;CS2;1.0;0
SESS-13602;2026-08-10 23:04:00;USR-1647;27;PS5;5;0;1125;App;Minecraft;4.5;1
SESS-12045;2026-08-09 13:44:00;USR-1583;21;Standard;3;0;300;App;Apex Legends;5.0;0
SESS-10713;2026-08-04 06:53:00;USR-1728;17;Standard;5;600;500 ₽;App;Deadlock;3.0;0
SESS-14186;2026-08-30 18:14:00;USR-1096;28;Bootcamp;3;0;450;Card;Dota 2;4.0;0
SESS-12214;2026-08-01 22:51:00;USR-1565;3;VIP;-2;0;200;Card;GTA V;4.0;0
SESS-15301;2026-08-13 12:03:00;USR-1564;32;Standard;2;160;200;App;CS2;4.0;0
SESS-12923;2026-08-03 01:48:00;USR-1465;14;Standard;4;800;400;Card;Dota 2;4.5;0
SESS-16835;2026-08-24 12:36:00;USR-1092;17;PS5;2;0;500;Card;CS2;4.5;0
SESS-11810;2026-08-18 03:18:00;USR-1754;20;PS5;2;0;500;Card;CS2;1.0;0
SESS-13486;2026-08-17 12:39:00;USR-1742;22;Bootcamp;8;0;1200;Card;CS2;1.0;0
SESS-13141;2026-08-23 19:59:00;USR-1453;26;VIP;2;0;400;Card;Valorant;4.0;0
SESS-11827;2026-08-04 23:18:00;USR-1155;16;Standard;4;0;400;Card;CS2;4.5;0
SESS-11155;2026-08-27 17:46:00;USR-1129;34;VIP;2;340;400;Card;CS2;4.0;0
SESS-11324;2026-08-21 22:39:00;USR-1178;18;Standard;2;0;200;Card;CS2;5.0;0
SESS-14312;2026-08-06 10:57:00;USR-1018;26;Bootcamp;2;0;300;Card;Deadlock;4.5;0
SESS-10510;2026-08-26 10:55:00;USR-1613;20;Bootcamp;2;650;300;Cash;Dota 2;3.0;0
SESS-11680;2026-08-22 10:54:00;USR-1271;18;Standard;3;360;300;Cash;CS2;3.0;0
SESS-10499;2026-08-04 11:48:00;USR-1638;22;Bootcamp;3 ч.;460;450;Cash;Dota 2;5.0;0
SESS-16841;2026-08-13 14:07:00;USR-1035;17;VIP;1;0;200;Card;Valorant;5.0;0
SESS-11856;2026-08-28 08:35:00;USR-1573;23;VIP;2;340;400;Card;Dota 2;4.0;0
SESS-11388;2026-08-03 18:58:00;USR-1514;14;Bootcamp;2;350;300;App;CS2;4.5;0
SESS-15615;2026-08-26 07:20:00;USR-1431;26;Bootcamp;2;0;300;Card;CS2;4.0;0
SESS-13719;2026-08-22 02:19:00;USR-1064;19;Bootcamp;3;0;405;Card;Valorant;4.5;1
SESS-12386;2026-08-17 19:03:00;USR-1700;17;Standard;2;0;200;Cash;CS2;4.0;0
SESS-15541;2026-08-24 12:31:00;USR-1409;28;Bootcamp;~2;650;300;App;Valorant;4.5;0
SESS-13236;2026-08-02 19:55:00;USR-1096;28;VIP;3;460;600;App;CS2;4.0;0
SESS-16172;2026-08-16 21:05:00;USR-1317;23;Standard;1;200;100;Card;Dota 2;5.0;0
SESS-11540;2026-08-26 23:30:00;USR-1107;16;Standard;12;960;1200;Card;PUBG;4.0;0
SESS-11217;2026-08-04 09:40:00;USR-1128;21;Standard;4;0;400;Card;CS2;4.5;0
SESS-12681;2026-08-03 08:41:00;USR-1161;19;PS5;5;0;1250;Card;Valorant;4.5;0
SESS-12993;2026-08-29 21:09:00;USR-1265;14;VIP;2;0;400;Card;Valorant;5.0;0
SESS-15512;2026-08-01 16:36:00;USR-1284;22;Bootcamp;12;0;1800;Cash;Deadlock;4.5;0
SESS-16313;2026-08-23 02:55:00;USR-1258;25;Bootcamp;2;0;270;Card;Dota 2;5.0;1
SESS-11191;2026-08-09 22:10:00;USR-1661;34;VIP;2;350;360;Card;Valorant;5.0;1
SESS-15772;2026-08-05 05:55:00;USR-1229;20;VIP;3;0;540;Cash;Deadlock;4.5;1
SESS-15293;2026-08-15 12:26:00;USR-1296;17;Bootcamp;2;0;270;Cash;CS2;4.5;1
SESS-11542;2026-08-23 02:18:00;USR-1779;30;Bootcamp;1;0;150;Card;CS2;3.0;0
SESS-13301;2026-08-12 20:36:00;USR-1214;25;Standard;2;0;180;Card;CS2;2.0;1
;2026-08-22 07:29:00;;15;VIP;1;0;200;Cash;Dota 2;3.0;0
SESS-12539;2026-08-11 16:36:00;USR-1258;25;Bootcamp;2;0;300;Cash;Deadlock;4.5;0
SESS-10953;2026-08-29 19:48:00;USR-1736;23;Bootcamp;2;0;300;Card;CS2;5.0;0
SESS-16731;2026-08-28 17:26:00;USR-1060;18;Bootcamp;1;300;150;Card;Minecraft;5.0;0
SESS-14846;2026-08-26 05:48:00;USR-1469;24;Standard;12;0;1200;Cash;GTA V;3.0;0
SESS-16801;2026-08-07 18:25:00;USR-1225;26;Bootcamp;1;0;150;Card;CS2;4.0;0
SESS-14330;2026-08-14 03:29:00;USR-1314;21;Standard;5;0;500;Cash;Deadlock;4.0;0
SESS-10732;2026-08-10 21:49:00;USR-1434;21; standard ;1;0;200;App;Valorant;5.0;0
SESS-12389;2026-08-13 09:30:00;USR-1368;18;Standard;2;0;200;Card;CS2;4.0;0
SESS-11156;2026-08-08 14:40:00;USR-1580;23;Bootcamp;2;0;300;Card;Apex Legends;4.5;0
SESS-16986;2026-08-21 05:08:00;USR-1387;25;VIP;3;0;600;Cash;CS2;5.0;0
SESS-13294;2026-08-24 22:20:00;USR-1290;31;Standard;8;0;800;Card;CS2;4.5;0
SESS-16541;2026-08-31 06:36:00;USR-1525;20;VIP;5;0;1000;Card;Dota 2;5.0;0
SESS-12982;2026-08-31 15:20:00;USR-1118;14;VIP;4;0;800;Cash;Minecraft;4.0;0
SESS-15305;2026-08-07 15:45:00;USR-1201;15;Bootcamp;1;300;150;Cash;Minecraft;3.0;0
SESS-15161;2026-08-01 14:52:00;USR-1747;25;VIP;4;900;800;Card;CS2;2.0;0
SESS-12156;2026-08-05 07:13:00;USR-1037;38;Standard;3;150;300;Card;Valorant;4.0;0
SESS-11062;2026-08-23 16:22:00;USR-1583;21;VIP;1;150;200;Card;Minecraft;5.0;0
SESS-12616;2026-08-17 07:49:00;USR-1428;16;VIP;8;0;1600;Card;CS2;5.0;0
SESS-11167;2026-08-01 04:31:00;USR-1172;23;Standard;1;0;100;Card;Dota 2;4.0;0
SESS-13222;2026-08-31 04:36:00;USR-1332;17;Bootcamp;2;0;300;App;CS2;5.0;0
SESS-13636;2026-08-28 09:20:00;USR-1705;20;ps5;1;0;100;Card;Valorant;5.0;0
SESS-15588;2026-08-06 00:11:00;USR-1475;26;Standard;3;0;300;Card;CS2;5.0;0
SESS-12938;2026-08-24 12:40:00;USR-1756;25;PS5;3;360;750;Card;Dota 2;4.0;0
SESS-14491;2026-08-11 15:04:00;USR-1410;25;Standard;3;0;300;Card;CS2;4.5;0
SESS-13140;2026-08-05 02:59:00;USR-1273;14;VIP;2;0;400;Card;CS2;5.0;0
SESS-14980;2026-08-22 08:13:00;USR-1746;17;VIP;1;300;200;Cash;Apex Legends;2.0;0
SESS-10143;2026-08-29 20:26:00;USR-1374;18;Bootcamp;1;0;150;App;Deadlock;4.0;0
SESS-11038;2026-08-26 23:24:00;USR-1442;22;Standard;5;250;500;Card;Apex Legends;4.5;0
SESS-13577;2026-08-09 06:23:00;USR-1737;19;Standard;1;120;100;Card;Dota 2;2.0;0
SESS-14946;2026-08-30 14:05:00;USR-1051;23;Standard;3;360;300;Card;Dota 2;4.0;0
SESS-12782;2026-08-05 18:36:00;USR-1513;32;PS5;2;100;500;Card;Valorant;5.0;0
SESS-10717;2026-08-29 18:41:00;USR-1313;23;PS5;3;600;750;App;CS2;4.5;0
SESS-11819;08/22/26;USR-1004;31;Standard;3;0;300;Card;CS2;5.0;0
SESS-12502;2026-08-09 23:04:00;USR-1128;21;Standard;3;0;300;Card;GTA V;4.5;0
SESS-14360;2026-08-05 06:34:00;USR-1467;15;Bootcamp;4;450;600;Cash;CS2;4.0;0
SESS-14171;2026-08-02 20:04:00;USR-1330;18;Bootcamp;3;250;450;Card;CS2;5.0;0
SESS-16588;2026-08-19 13:58:00;USR-1244;3;Standard;999;50;90;App;Deadlock;3.0;1
SESS-10395;2026-08-10 00:43:00;USR-1042;16;Standard;12;2400;1200;Cash;PUBG;4.0;0
SESS-15731;2026-08-28 05:10:00;USR-1494;15;Bootcamp;3;610;450;App;Minecraft;2.0;0
SESS-16320;2026-08-20 07:06:00;USR-1529;16;VIP;1;330;200;Cash;Browser/Work;4.0;0
SESS-17290;2026-08-18 06:30:00;USR-1710;16;Bootcamp;3;340;405;Card;Dota 2;4.5;1
SESS-14492;2026-08-27 10:53:00;USR-1118;14;Bootcamp;2;500;300;App;CS2;5.0;0
SESS-11365;2026-08-05 16:16:00;USR-1714;18;Standard;1;50;100;Card;Minecraft;4.5;0
SESS-16875;2026-08-16 01:02:00;USR-1702;15;VIP;8;740;1600;Card;CS2;5.0;0
SESS-15999;2026-08-01 23:04:00;USR-1376;16;VIP;2;490;400;Cash;CS2;3.0;0
SESS-10595;2026-08-29 09:48:00;USR-1710;16;PS5;2;0;500;App;GTA V;2.0;0
SESS-16205;2026-08-24 12:45:00;USR-1745;18;Standard;2;0;200;Card;Valorant;4.0;0
SESS-13952;2026-08-20 01:51:00;USR-1359;23;Standard;8;0;800;Card;CS2;5.0;0
SESS-15392;2026-08-17 09:19:00;USR-1301;23;PS5;2;0;500;Card;Valorant;5.0;0
SESS-15917;2026-08-15 05:15:00;USR-1302;16;Standard;1;0;100;App;CS2;4.0;0
SESS-14968;2026-08-04 20:56:00;USR-1358;16;VIP;1;0;200;Card;Dota 2;4.5;0
SESS-12914;2026-08-23 21:35:00;USR-1563;41;Standard;2;0;180;Cash;CS2;3.0;1
SESS-11005;2026-08-09 19:41:00;USR-1176;20;Standard;3;0;300;App;Dota 2;4.5;0
SESS-12326;2026-08-14 21:20:00;USR-1088;22;Standard;1;0;100;Card;Dota 2;4.0;0
SESS-15644;2026-08-17 03:57:00;USR-1285;14;VIP;2;410;400;Cash;Deadlock;4.5;0
SESS-13766;2026-08-07 19:18:00;USR-1775;32;Standard;1;200;100;Card;CS2;4.0;0
SESS-13440;2026-08-15 18:57:00;USR-1159;24;VIP;2;0;400;Card;Minecraft;4.0;0
SESS-13851;2026-08-30 05:07:00;USR-1372;33;Standard;3;150;300 ₽;Card;Minecraft;4.0;0
SESS-14132;2026-08-12 02:56:00;USR-1279;16;VIP;1;300;180;Card;CS2;5.0;1
SESS-16806;2026-08-07 23:07:00;USR-1676;14;VIP;1;0;200;Card;Minecraft;5.0;0
SESS-16917;2026-08-30 00:59:00;USR-1672;36;VIP;2;500;400;Card;CS2;4.5;0
SESS-12143;2026-08-08 07:05:00;USR-1442;22;VIP;4;300;800;App;CS2;4.0;0
SESS-16958;2026-08-28 08:27:00;USR-1666;16;VIP;2;260;400;Card;Valorant;4.5;0
SESS-15073;2026-08-05 23:48:00;USR-1593;20;Standard;8;960;800;Card;CS2;2.0;0
SESS-11571;2026-08-09 21:54:00;USR-1799;20;Standard;2;0;200;Card;Dota 2;4.0;0
SESS-14079;2026-08-18 00:12:00;USR-1630;21;Standard;2;400;200;Cash;Deadlock;4.5;0
SESS-11122;2026-08-10 04:05:00;USR-1147;29;Standard;2;0;200;App;CS2;2.0;0
SESS-12786;2026-08-11 11:21:00;USR-1714;18;Bootcamp;2;410;300;Cash;Valorant;2.0;0
SESS-16335;2026-08-23 11:04:00;USR-1454;18;Bootcamp;3;0;450;App;Dota 2;5.0;0
SESS-12967;2026-08-30 23:43:00;USR-1099;21;VIP;3;460;600;Card;Valorant;4.5;0
SESS-12504;2026-08-24 00:18:00;USR-1014;23;Bootcamp;3;250;405;App;CS2;4.0;1
SESS-15988;2026-08-27 23:07:00;USR-1438;41;PS5;3;0;750;Card;PUBG;4.5;0
SESS-13465;2026-08-15 09:23:00;USR-1332;17;PS5;3;360;750;App;PUBG;5.0;0
SESS-10675;2026-08-03 02:11:00;USR-1231;27;VIP;5;0;900;Card;Browser/Work;3.0;1
SESS-12808;2026-08-23 19:09:00;USR-1468;32;Bootcamp;2;500;300;Card;PUBG;4.0;0
SESS-13348;2026-08-19 16:27:00;USR-1658;20;Bootcamp;3;460;450;App;Dota 2;5.0;0
SESS-10728;2026-08-15 18:04:00;USR-1038;26; Bootcamp ;2;100;200;Card;Dota 2;4.5;0
SESS-10412;2026-08-27 15:58:00;USR-1272;14;Bootcamp;1;0;150 ₽;Card;Dota 2;4.0;0
SESS-13146;2026-08-04 09:58:00;USR-1091;20;Standard;3;600;300;Card;Cyberpunk 2077;5.0;0
SESS-11516;2026-08-07 21:42:00;USR-1694;18;Standard;3;0;270;Card;Dota 2;4.5;1
SESS-15745;2026-08-29 02:34:00;USR-1516;26;PS5;3;360;750;Card;Apex Legends;5.0;0
SESS-10825;2026-08-26 07:48:00;USR-1760;17;VIP;1;0;200;Card;CS2;1.0;0
SESS-13267;2026-08-15 20:52:00;USR-1528;24;Standard;2;160;200;Card;CS2;;0
SESS-13974;2026-08-11 04:14:00;USR-1368;18;Bootcamp;3;700;450;Cash;Minecraft;1.0;0
SESS-10616;2026-08-15 06:58:00;USR-1371;16;Bootcamp;2;0;270;App;CS2;4.5;1
SESS-10114;2026-08-22 23:50:00;USR-1726;29;Bootcamp;3;850;405;Card;CS2;4.0;1
SESS-10417;2026-08-21 23:22:00;USR-1068;18;Standard;3;600;300;Card;CS2;5.0;0
SESS-13069;2026-08-26 18:05:00;USR-1374;18;Standard;3;360;300;Card;Dota 2;4.5;0
SESS-11625;2026-08-12 18:17:00;USR-1462;18;Standard;4;480;360;App;Valorant;4.5;1
SESS-16748;2026-08-31 20:34:00;USR-1102;28;VIP;2;0;360;Card;CS2;1.0;1
SESS-11103;2026-08-01 15:29:00;USR-1084;23;Standard;3;0;270;Card;Apex Legends;4.5;1
SESS-14185;2026-08-21 20:39:00;USR-1179;21; Bootcamp ;3;0;270;Card;Dota 2;3.0;1
SESS-12896;2026-08-05 14:04:00;USR-1455;31;Standard;1;200;90;App;Dota 2;5.0;1
SESS-17043;2026-08-27 04:52:00;USR-1009;20;Standard;2;0;180;Card;Deadlock;4.0;1
SESS-12082;2026-08-09 18:00:00;USR-1334;24;Standard;3;360;300;Card;Dota 2;4.5;0
SESS-10753;2026-08-05 13:51:00;USR-1791;25;VIP;4;1050;800;App;CS2;4.5;0
SESS-12546;2026-08-16 22:16:00;USR-1657;17;Standard;2;0;200;Card;GTA V;4.5;0
SESS-13969;2026-08-23 18:07:00;USR-1672;36;Bootcamp;12;0;1800;Card;CS2;4.0;0
SESS-13373;2026-08-31 13:24:00;USR-1051;23;Standard;3;360;300;Card;Deadlock;5.0;0
SESS-15726;2026-08-26 10:00:00;USR-1480;16;Bootcamp;3;0;450;Card;Minecraft;2.0;0
SESS-14107;2026-08-08 11:38:00;USR-1413;15;Standard;3;0;300;Card;Minecraft;4.0;0
SESS-12444;2026-08-03 10:39:00;USR-1180;17;VIP;3;0;600;Card;Deadlock;4.5;0
SESS-14380;2026-08-10 11:57:00;USR-1189;18;VIP;3;850;600;Cash;PUBG;4.5;0
SESS-11066;2026-08-28 17:26:00;USR-1634;28;Standard;2;400;200;Card;Valorant;3.0;0
SESS-13913;2026-08-21 00:05:00;USR-1747;25;Standard;2;0;200;App;CS2;4.0;0
SESS-15287;2026-08-18 03:19:00;USR-1333;35;PS5;1;0;250;App;CS2;5.0;0
SESS-15536;2026-08-05 11:07:00;USR-1293;27;VIP;1;0;200;Card;CS2;4.0;0
SESS-15387;08/27/26;USR-1167;17;Bootcamp;3;0;405;Card;Dota 2;3.0;1
;2026-08-22 11:14:00;;14;Standard;3;0;300;App;CS2;4.0;0
SESS-13498;2026-08-22 15:56:00;USR-1636;16;PS5;12;0;3000;Card;Valorant;5.0;0
SESS-12738;2026-08-24 09:06:00;USR-1362;17;VIP;2;0;360;Card;Deadlock;4.0;1
SESS-15052;2026-08-03 04:48:00;USR-1666;16;Standard;2;0;200;;Deadlock;3.0;0
SESS-14000;2026-08-31 07:13:00;USR-1491;14;Standard;2;240;200;Card;Dota 2;2.0;0
SESS-11568;2026-08-02 16:33:00;USR-1505;28;VIP;4;0;800;Cash;CS2;5.0;0
SESS-12427;2026-08-15 15:45:00;USR-1303;27;Standard;3;600;300;Card;Minecraft;5.0;0
SESS-13746;2026-08-21 07:14:00;USR-1367;24;Standard;2;0;180;Card;Minecraft;4.5;1
SESS-16833;2026-08-21 06:33:00;USR-1456;20;Standard;3;240;300;App;CS2;4.5;0
SESS-16990;2026-08-28 08:15:00;USR-1009;20;Bootcamp;2;0;300;Card;Dota 2;5.0;0
SESS-11687;2026-08-20 18:56:00;USR-1572;15;Standard;1;200;90;Cash;Dota 2;5.0;1
SESS-10851;2026-08-16 22:07:00;USR-1512;15;VIP;2;490;400;App;Dota 2;4.0;0
SESS-13546;2026-08-15 12:41:00;USR-1229;20;VIP;1;180;200;App;CS2;1.0;0
SESS-16303;2026-08-17 05:16:00;USR-1654;25;Standard;3;0;300;Card;Minecraft;5.0;0
SESS-10895;2026-08-12 06:41:00;USR-1214;25;Standard;3;0;300;Cash;Minecraft;4.5;0
;2026-08-31 09:06:00;;17;Bootcamp;3;0;450;Card;Dota 2;4.5;0
SESS-16401;2026-08-15 06:02:00;USR-1194;14;Standard;1;50;100;Card;Dota 2;4.0;0
SESS-15878;2026-08-26 09:38:00;USR-1258;25;Standard;2;160;200;Card;CS2;5.0;0
SESS-10335;2026-08-25 02:29:00;USR-1685;23;Bootcamp;1;180;135;Card;GTA V;4.0;1
SESS-12839;2026-08-14 08:10:00;USR-1418;16;VIP;2;650;360;Card;CS2;4.0;1
SESS-13087;2026-08-12 22:49:00;USR-1188;26;VIP;2;0;400;Cash;Cyberpunk 2077;4.5;0
SESS-14611;2026-08-20 13:43:00;USR-1116;35;Bootcamp;12;1210;1800;Card;Dota 2;3.0;0
SESS-11348;2026-08-23 07:39:00;USR-1450;19;Bootcamp;3;0;405;App;Valorant;5.0;1
SESS-11015;2026-08-19 20:01:00;USR-1532;27;Standard;4;0;400;Cash;CS2;1.0;0
SESS-12816;2026-08-28 12:08:00;USR-1716;24;ps5;3;240;675;App;Dota 2;4.0;1
SESS-11631;2026-08-24 03:06:00;USR-1250;20;VIP;3;850;600;;Cyberpunk 2077;2.0;0
SESS-12489;2026-08-17 11:05:00;USR-1061;16;Standard;3;0;300;Card;Valorant;4.0;0
SESS-13730;2026-08-18 08:18:00;USR-1676;14;Bootcamp;3;0;450;Card;GTA V;4.0;0
SESS-16905;2026-08-26 17:05:00;USR-1742;22;Standard;2;240;200;Card;Dota 2;1.0;0
SESS-13251;2026-08-22 20:35:00;USR-1789;20;PS5;3;150;750;Card;Minecraft;4.0;0
SESS-16984;2026-08-17 00:25:00;USR-1474;28;Standard;2;0;200;Card;CS2;4.0;0
SESS-15877;2026-08-28 14:33:00;USR-1386;21;Standard;3;0;300;Card;Deadlock;4.0;0
SESS-16665;2026-08-17 22:53:00;USR-1722;20;Standard;2;0;200;App;Dota 2;5.0;0
SESS-15881;2026-08-31 22:55:00;USR-1328;23;PS5;2;0;450;Card;PUBG;4.5;1
SESS-12070;2026-08-31 15:41:00;USR-1529;16;Standard;3;0;300;Card;Apex Legends;2.0;0
SESS-14452;2026-08-13 15:42:00;USR-1508;37;VIP;3;0;540;Card;CS2;4.5;1
SESS-14619;2026-08-03 02:45:00;USR-1617;22;VIP;2;340;400;Card;CS2;4.0;0
SESS-15408;2026-08-13 01:20:00;USR-1182;16;VIP;4;0;800;Card;Valorant;3.0;0
SESS-11635;2026-08-19 06:09:00;USR-1095;20;PS5;2;0;450;Card;Minecraft;4.0;1
SESS-14646;2026-08-26 20:40:00;USR-1645;15; Bootcamp ;3;400;600;Card;Dota 2;4.0;0
SESS-16484;2026-08-18 02:33:00;USR-1645;15;Standard;3;0;270;Card;CS2;3.0;1
;2026-08-16 00:47:00;USR-1600;20;Standard;2;0;200;Card;Dota 2;4.0;0
SESS-16617;2026-08-05 19:28:00;USR-1613;20;Bootcamp;2;0;300;Cash;CS2;5.0;0
SESS-12265;2026-08-27 02:41:00;USR-1133;19;PS5;1;80;225;Card;CS2;4.5;1
SESS-12959;2026-08-24 15:28:00;USR-1064;19;Standard;12;960;1200;Card;GTA V;3.0;0
SESS-15323;2026-08-22 15:37:00;USR-1450;19;VIP;2;350;400;Cash;Valorant;4.0;0
SESS-17127;2026-08-12 02:05:00;USR-1751;14;Standard;12;0;1200;Card;Valorant;4.5;0
SESS-13059;2026-08-18 01:14:00;USR-1428;16;Standard;3;240;300;Card;CS2;5.0;0
SESS-15053;2026-08-02 05:47:00;USR-1725;21;VIP;2;350;400;Cash;Valorant;5.0;0
SESS-15869;2026-08-10 20:00:00;USR-1145;18;VIP;8;0;1600;Cash;CS2;4.5;0
SESS-12141;2026-08-24 18:16:00;USR-1046;20;Standard;3;150;300;App;CS2;4.5;0
SESS-15104;2026-08-01 12:03:00;USR-1427;21;Standard;2;0;200;Card;GTA V;2.0;0
SESS-13118;2026-08-27 14:40:00;USR-1716;24;Standard;3;0;300;Card;CS2;4.0;0
SESS-15188;2026-08-19 14:39:00;USR-1471;21;Standard;3;240;300;Cash;CS2;4.5;0
SESS-17119;2026-08-21 06:20:00;USR-1239;24;VIP ;1;0;100;Card;CS2;3.0;0
SESS-14045;2026-08-05 05:42:00;USR-1687;21;Standard;3;0;300;App;Valorant;4.0;0
SESS-13356;2026-08-19 01:40:00;USR-1275;24;Standard;2;0;180;Card;CS2;5.0;1
SESS-12744;2026-08-04 18:14:00;USR-1505;28;PS5;3;0;675;Card;Dota 2;3.0;1
SESS-15092;2026-08-18 09:45:00;USR-1286;15;Standard;3;150;300;Card;Apex Legends;4.0;0
SESS-13506;2026-08-02 03:50:00;USR-1138;19;Standard;1;80;90;Card;Valorant;4.5;1
SESS-11679;2026-08-21 08:44:00;USR-1061;16;VIP;3;0;600;App;CS2;5.0;0
SESS-14249;2026-08-09 14:37:00;USR-1418;16;Standard;4;480;400;Card;Minecraft;4.0;0
SESS-13147;2026-08-24 01:06:00;USR-1367;24;Standard;2;0;180;App;CS2;5.0;1
SESS-12294;2026-08-06 02:00:00;USR-1555;22;Standard;3;240;300;Card;Dota 2;4.5;0
SESS-16933;2026-08-04 06:22:00;USR-1331;15;VIP;3;490;600;Card;CS2;4.0;0
SESS-10580;2026-08-24 07:10:00;USR-1338;22;Bootcamp;4;0;600;App;Valorant;5.0;0
SESS-11470;2026-08-26 02:29:00;USR-1284;22;VIP;5;500;1000;Card;Apex Legends;4.0;0
SESS-14799;2026-08-17 14:08:00;USR-1398;16;Standard;2;160;200;App;GTA V;5.0;0
SESS-14070;2026-08-09 07:35:00;USR-1426;14;Standard;2;400;200;Card;Apex Legends;4.5;0
SESS-15308;2026-08-14 02:42:00;USR-1057;32;Standard;3;0;300;App;GTA V;4.5;0
SESS-13343;2026-08-20 03:58:00;USR-1505;28;PS5;4;0;1000;Card;CS2;5.0;0
SESS-14992;2026-08-16 05:46:00;USR-1466;31;VIP;~8;0;1600;Card;Valorant;4.0;0
SESS-14583;2026-08-12 17:10:00;USR-1764;22;Standard;2;160;200;App;Dota 2;4.5;0
SESS-13672;2026-08-10 21:45:00;USR-1542;23;Standard;4;0;400;Card;Dota 2;4.5;0
SESS-10559;2026-08-25 22:28:00;USR-1252;24;Standard;5;600;500;Card;PUBG;4.0;0
SESS-15237;2026-08-02 08:47:00;USR-1736;23;Bootcamp;2;0;300;Card;Dota 2;4.0;0
SESS-15215;2026-08-05 23:49:00;USR-1162;32;Bootcamp;3;460;450 руб.;Card;Apex Legends;2.0;0
SESS-12849;2026-08-16 06:25:00;USR-1068;18;Standard;1;50;100;Card;CS2;5.0;0
SESS-10512;2026-08-22 14:01:00;USR-1045;23;Standard;1;0;100;Card;Dota 2;4.0;0
SESS-14729;2026-08-16 04:38:00;USR-1157;25;Standard;2;0;200;Card;PUBG;2.0;0
SESS-11081;2026-08-13 09:10:00;USR-1535;17;Standard;1;0;100;Cash;CS2;3.0;0
SESS-11664;2026-08-25 05:25:00;USR-1221;22;VIP;3;250;600;Card;Minecraft;5.0;0
SESS-11012;2026-08-19 17:41:00;USR-1007;17;Bootcamp;2;500;270;Card;Dota 2;4.0;1
SESS-11931;2026-08-15 21:32:00;USR-1284;22;VIP;2;200;400;App;Valorant;4.5;0
SESS-11150;2026-08-12 15:59:00;USR-1621;23;Bootcamp;12;700;1800;Card;Dota 2;2.0;0
SESS-12838;2026-08-08 11:55:00;USR-1552;30;Bootcamp;12;0;1620;Card;Valorant;4.0;1
SESS-15949;2026-08-15 14:07:00;USR-1632;14;VIP;2;340;400;Card;CS2;3.0;0
SESS-10116;2026-08-15 10:05:00;USR-1341;16;VIP;3;0;600;App;Valorant;4.5;0
SESS-10740;2026-08-24 04:53:00;USR-1118;14;Bootcamp;3;250;450;Card;Dota 2;4.5;0
SESS-17243;2026-08-19 07:21:00;USR-1365;24;Standard;3;600;300;Card;PUBG;2.0;0
SESS-16070;2026-08-07 14:30:00;USR-1361;20;VIP;3;0;600;App;Dota 2;4.0;0
SESS-15177;2026-08-24 05:00:00;USR-1588;19;VIP;2;0;400;Card;Valorant;4.5;0
SESS-13675;2026-08-07 09:20:00;USR-1084;23;VIP;2;0;400;App;CS2;4.0;0
SESS-15906;2026-08-30 07:35:00;USR-1266;24;PS5;2;0;500;Card;Dota 2;4.5;0
SESS-10830;2026-08-08 02:10:00;USR-1768;22;Bootcamp;3;0;450;App;Dota 2;5.0;0
SESS-10119;2026-08-17 21:52:00;USR-1448;34;VIP;2;650;400;App;Dota 2;4.5;0
SESS-14752;2026-08-12 23:53:00;USR-1132;17;Bootcamp;8;500;1200;Card;CS2;5.0;0
SESS-17199;2026-08-09 10:45:00;USR-1076;16;Standard;3;600;300;App;GTA V;4.5;0
SESS-17142;2026-08-28 21:19:00;USR-1743;30;Standard;2;100;200;Card;Minecraft;4.5;0
SESS-16973;2026-08-27 21:24:00;USR-1633;14;Bootcamp;1;0;150;App;Dota 2;4.0;0
SESS-10635;2026-08-30 12:08:00;USR-1145;18;VIP;3;400;600;Cash;PUBG;4.5;0
SESS-14465;2026-08-27 12:16:00;USR-1078;20;Standard;3;0;300;Card;Dota 2;4.5;0
SESS-14364;2026-08-24 12:22:00;USR-1231;27;Bootcamp;3;0;450;Card;Valorant;5.0;0
SESS-16799;2026-08-04 12:21:00;USR-1211;26;PS5;2;0;500;Card;Dota 2;5.0;0
SESS-16966;2026-08-23 19:47:00;USR-1198;20;Bootcamp;3;340;450;Card;Minecraft;4.5;0
SESS-17010;2026-08-23 07:44:00;USR-1705;20;Standard;2;240;180;App;CS2;5.0;1
SESS-14142;2026-08-17 04:01:00;USR-1352;29;Standard;2;100;200;App;CS2;5.0;0
SESS-10991;2026-08-07 05:56:00;USR-1506;17;Bootcamp;2;490;300;Cash;CS2;4.0;0
SESS-10876;2026-08-03 02:02:00;USR-1639;21;VIP;3;850;600;Card;Valorant;4.0;0
SESS-14869;2026-08-31 17:18:00;USR-1403;21;Standard;2;400;200;Card;Dota 2;5.0;0
SESS-15315;2026-08-21 20:19:00;USR-1161;19;VIP;3;0;600;Cash;Minecraft;5.0;0
SESS-15222;2026-08-22 07:10:00;USR-1158;24;Bootcamp;1;300;135;Cash;GTA V;1.0;1
SESS-10004;2026-08-22 06:18:00;USR-1004;31;VIP;3;250;540;Card;Dota 2;1.0;1
SESS-13051;2026-08-08 05:07:00;USR-1308;15;Standard;2;0;200;Card;Deadlock;4.5;0
SESS-15691;2026-08-24 03:24:00;USR-1030;18;VIP;2;650;400;Card;CS2;5.0;0
SESS-13124;2026-08-21 10:23:00;USR-1341;16;;Bootcamp;12;1210;App;Valorant;4.5;0
SESS-16407;2026-08-18 11:30:00;USR-1382;33;VIP;3;490;540;Card;CS2;4.5;1
SESS-12660;2026-08-07 12:51:00;USR-1230;17;Standard;2;0;180;Cash;CS2;1.0;1
SESS-12491;2026-08-08 23:42:00;USR-1303;27;Standard;3;0;270;Card;Valorant;2.0;1
SESS-15173;2026-08-17 17:33:00;USR-1131;30;Bootcamp;1;150;150;App;CS2;2.0;0
SESS-13854;2026-08-02 16:45:00;USR-1455;31;VIP;3;490;600;Card;PUBG;1.0;0
SESS-14933;2026-08-11 23:15:00;USR-1514;14;Standard;1;50;100;Card;CS2;4.0;0
SESS-14777;2026-08-08 17:38:00;USR-1018;26;Standard;2;0;180;Card;CS2;4.5;1
SESS-11715;2026-08-16 03:42:00;USR-1292;14;Standard;4;480;400;Cash;Dota 2;4.0;0
SESS-16448;2026-08-04 23:39:00;USR-1591;20;VIP;3;460;600;Card;Valorant;4.0;0
SESS-16713;2026-08-22 11:56:00;USR-1615;22;PS5;1;0;250;App;Deadlock;5.0;0
SESS-16457;2026-08-04 14:56:00;USR-1264;20;Bootcamp;5;1100;750;App;CS2;3.0;0
SESS-16293;2026-08-14 14:40:00;USR-1222;17;PS5;2;100;500;App;Minecraft;3.0;0
SESS-11148;2026-08-09 02:23:00;USR-1228;19;PS5;2;0;500;Card;Dota 2;4.0;0
SESS-13261;2026-08-03 12:48:00;USR-1553;17;Standard;1;120;100;Card;GTA V;4.0;0
SESS-10574;2026-08-02 02:12:00;USR-1050;27;Standard;2;160;200;Card;Valorant;4.5;0
SESS-13769;2026-08-22 17:28:00;USR-1501;16;Standard;5;0;450;Card;CS2;4.0;1
SESS-13736;2026-08-11 01:50:00;USR-1273;14;Standard;4;0;400;App;CS2;4.0;0
SESS-14146;2026-08-04 08:54:00;USR-1757;21;PS5;12;0;3000;Cash;CS2;2.0;0
SESS-10853;2026-08-29 13:25:00;USR-1114;23;Standard;2;0;200;Card;Valorant;4.0;0
SESS-11982;2026-08-04 19:37:00;USR-1498;24;Standard;8;0;800;Card;CS2;4.5;0
SESS-12774;2026-08-01 21:12:00;USR-1080;29;VIP;3;0;540;App;Valorant;4.0;1
SESS-15919;2026-08-23 01:18:00;USR-1276;36;VIP;1;300;200;App;Dota 2;3.0;0
SESS-14929;2026-08-08 14:57:00;USR-1688;16;Standard;2;400;200;Card;CS2;3.0;0
SESS-15211;2026-08-02 22:53:00;USR-1006;35;Standard;8;0;800;Card;Dota 2;4.0;0
SESS-11166;2026-08-28 01:08:00;USR-1798;140;Bootcamp;999;850;450;App;PUBG;2.0;0
SESS-16614;2026-08-14 05:24:00;USR-1163;14;Standard;1;0;100;Card;Minecraft;4.0;0
SESS-16002;2026-08-01 19:28:00;USR-1799;20;Bootcamp;1;300;150;Card;GTA V;4.5;0
SESS-10971;2026-08-28 18:03:00;USR-1284;3;Standard;-2;0;200;Card;GTA V;4.0;0
SESS-12701;2026-08-08 16:24:00;USR-1303;27;VIP;1;300;180;Card;Dota 2;3.0;1
SESS-14495;2026-08-01 02:52:00;USR-1059;18;Standard;1;0;100;Card;CS2;4.0;0
SESS-16655;2026-08-17 03:26:00;USR-1641;34;Standard;5;0;500;Card;CS2;5.0;0
SESS-13847;2026-08-29 08:37:00;USR-1297;29;Standard;2;0;200;App;CS2;3.0;0
SESS-12368;2026-08-14 17:55:00;USR-1298;18;VIP;3;610;600;Card;Valorant;3.0;0
SESS-14115;2026-08-12 21:40:00;USR-1153;22;Standard;3;150;270;Card;Dota 2;;1
SESS-14780;2026-08-12 02:39:00;USR-1310;22;PS5;1;0;250;Card;CS2;4.0;0
SESS-14131;2026-08-11 22:11:00;USR-1593;20;Bootcamp;2;0;300;App;Dota 2;4.0;0
SESS-12950;2026-08-23 10:53:00;USR-1209;24;PS5;2;0;500;App;CS2;4.5;0
SESS-15625;2026-08-26 08:18:00;USR-1161;19;Standard;3;0;300;Card;Dota 2;4.0;0
SESS-16971;2026-08-28 07:25:00;USR-1032;16;Bootcamp;3;340;450;Card;CS2;4.5;0
SESS-10524;2026-08-26 11:22:00;USR-1562;24;Standard;2;0;200;App;CS2;3.0;0
SESS-12455;2026-08-06 22:47:00;USR-1144;14;VIP;12;1690;2400;App;Browser/Work;4.0;0
SESS-15016;2026-08-21 20:08:00;USR-1733;22;Standard;8;0;800;Card;CS2;4.5;0
SESS-11841;2026-08-22 09:43:00;USR-1287;19;VIP;12;0;2400;Card;Valorant;5.0;0
SESS-15986;2026-08-10 05:55:00;USR-1050;27;Standard;8;0;720;Card;Dota 2;5.0;1
SESS-10537;2026-08-25 13:31:00;USR-1730;25;PS5;3;600;750;Card;Valorant;2.0;0
SESS-12806;2026-08-01 09:53:00;USR-1488;16;Standard;1;0;100;App;Valorant;4.5;0
SESS-15801;2026-08-11 08:18:00;USR-1767;29;Standard;3;0;300;App;CS2;4.0;0
SESS-15596;2026-08-24 14:53:00;USR-1112;15;Standard;2;400;200;;Apex Legends;4.0;0
SESS-14341;2026-08-19 11:42:00;USR-1115;32;VIP;2;0;400;App;CS2;1.0;0
SESS-13175;2026-08-12 00:35:00;USR-1330;18;Standard;5;0;500;Card;Minecraft;4.5;0
SESS-10784;2026-08-04 00:26:00;USR-1314;21;Standard;1;0;100;App;Dota 2;4.5;0
SESS-14057;2026-08-11 10:11:00;USR-1146;22;PS5;2;100;500;Card;Dota 2;4.0;0
SESS-11409;2026-08-03 13:31:00;USR-1325;22;PS5;3;0;750;Cash;CS2;5.0;0
SESS-12537;2026-08-05 16:39:00;USR-1385;18;Standard;4;0;400;App;CS2;4.5;0
SESS-10154;31.08.2026;USR-1128;21;VIP;2;0;360;App;Apex Legends;5.0;1
SESS-13009;2026-08-03 11:35:00;USR-1190;26;Standard;3;0;270;Card;Valorant;4.0;1
SESS-11686;08/08/26;USR-1072;15;PS5;4;0;1000;App;GTA V;2.0;0
SESS-12901;2026-08-03 03:09:00;USR-1280;19;VIP;3;0;600;Card;CS2;5.0;0
SESS-14043;2026-08-30 09:31:00;USR-1763;33;PS5;2;0;500;App;Dota 2;4.0;0
SESS-14721;2026-08-18 01:44:00;USR-1618;30;VIP;3;460;600;Card;Dota 2;4.0;0
SESS-13863;2026-08-26 15:54:00;USR-1726;29;Bootcamp;2;0;300;Card;Valorant;4.0;0
SESS-12733;2026-08-29 12:17:00;USR-1211;26;Bootcamp;3;850;450;Card;PUBG;2.0;0
SESS-11895;2026-08-15 16:03:00;USR-1065;32;Bootcamp;3;610;450;App;CS2;4.5;0
SESS-15442;2026-08-26 06:55:00;USR-1089;17;Bootcamp;2;650;300;Cash;GTA V;5.0;0
SESS-10569;2026-08-11 15:32:00;USR-1481;32;Standard;2;0;180;Cash;Valorant;5.0;1
SESS-16709;2026-08-09 08:16:00;USR-1400;15;VIP;1;0;200;Card;CS2;4.5;0
SESS-15854;2026-08-25 05:56:00;USR-1317;23;Standard;3;360;270;App;Valorant;4.0;1
SESS-11816;2026-08-23 14:21:00;USR-1623;22;VIP;1;300;200;Card;Dota 2;3.0;0
SESS-12065;2026-08-15 12:26:00;USR-1339;18;VIP;1;0;200;Card;Dota 2;4.5;0
SESS-10127;2026-08-30 12:42:00;USR-1096;28;Standard;8;0;800;Card;Minecraft;5.0;0
SESS-13394;2026-08-04 13:12:00;USR-1212;20;VIP;12 ч.;0;2400;Card;CS2;5.0;0
SESS-13327;2026-08-15 08:05:00;USR-1380;28;Standard;8;0;800;Cash;CS2;3.0;0
SESS-12462;2026-08-17 15:40:00;USR-1006;35;VIP;2;0;400;Card;Apex Legends;5.0;0
SESS-16102;2026-08-26 13:45:00;USR-1357;23;VIP;2;0;400;Card;PUBG;4.5;0
SESS-12975;2026-08-27 07:31:00;USR-1769;15;Bootcamp;2;0;300;Card;Valorant;3.0;0
SESS-10980;2026-08-17 18:23:00;USR-1629;22;PS5;2;0;500;Card;Deadlock;5.0;0
SESS-12300;2026-08-09 18:20:00;USR-1004;31;Standard;3;600;300;Cash;CS2;5.0;0
SESS-10190;2026-08-06 10:44:00;USR-1094;16;Standard;2;160;200;Card;CS2;4.5;0
SESS-11139;08/25/26;USR-1444;19;VIP;1;330;200;App;Dota 2;4.0;0
SESS-15088;2026-08-10 16:38:00;USR-1214;25;Bootcamp;2;0;270;Cash;Dota 2;4.5;1
SESS-10699;2026-08-22 01:02:00;USR-1247;22;Bootcamp;2;200;270;Card;CS2;3.0;1
SESS-17200;2026-08-10 09:57:00;USR-1717;17;Bootcamp;12;1060;1800;App;Dota 2;5.0;0
SESS-10606;2026-08-25 15:29:00;USR-1106;15;VIP;2;0;400;Card;Dota 2;;0
SESS-14276;2026-08-01 11:38:00;USR-1722;20;VIP;3;250;600;Card;CS2;4.5;0
SESS-10301;2026-08-25 07:42:00;USR-1793;18;Bootcamp;1;330;150;Card;CS2;5.0;0
SESS-16640;2026-08-19 21:34:00;USR-1371;16;Bootcamp;1;0;135;Card;CS2;3.0;1
SESS-13420;2026-08-03 06:58:00;USR-1157;25;Standard;12;2400;1200;Card;CS2;5.0;0
SESS-17263;2026-08-28 19:02:00;USR-1450;19;VIP;3;700;600;Card;CS2;4.0;0
SESS-11060;2026-08-12 14:45:00;USR-1505;28;VIP;5;350;1000;Card;Dota 2;4.5;0
SESS-17321;2026-08-16 06:53:00;USR-1702;15;Standard;3;360;300;Card;CS2;4.5;0
SESS-13575;2026-08-18 14:01:00;USR-1698;15;VIP;1;300;200;Card;Apex Legends;3.0;0
SESS-12565;2026-08-29 23:43:00;USR-1284;22;Standard;1;0;100;Card;Valorant;4.5;0
SESS-11793;2026-08-28 08:06:00;USR-1151;21;VIP;2;0;400;Card;CS2;5.0;0
SESS-11069;2026-08-27 01:02:00;USR-1788;15;Standard;1;80;90;App;Valorant;4.0;1
SESS-12524;2026-08-10 06:50:00;USR-1245;19;Bootcamp;8;0;1080;Card;CS2;4.5;1
;2026-08-07 10:08:00;USR-1540;26;PS5;1;50;250;Card;CS2;4.0;0
SESS-11243;2026-08-31 12:57:00;USR-1002;22;Standard;1;80;100;Card;Valorant;4.0;0
SESS-10016;2026-08-04 01:02:00;USR-1335;21;Standard;2;100;200;Card;Dota 2;4.0;0
SESS-13120;2026-08-18 18:29:00;USR-1639;21;VIP;3;460;540;Card;PUBG;4.0;1
SESS-13527;2026-08-21 09:24:00;USR-1460;28;Standard;1;0;100;Card;Minecraft;5.0;0
SESS-14642;2026-08-02 06:39:00;USR-1462;18;Bootcamp;2;0;270;Card;Minecraft;4.0;1
SESS-14754;2026-08-10 01:29:00;USR-1522;22;VIP;2;0;400;Cash;Minecraft;5.0;0
SESS-10815;2026-08-15 11:50:00;USR-1621;23;Standard;2;160;200;Card;Minecraft;3.0;0
SESS-13067;2026-08-10 04:55:00;USR-1766;33;Standard;8;0;800;Card;CS2;4.0;0
SESS-17206;2026-08-28 01:05:00;USR-1737;19;Bootcamp;3;0;405;App;Dota 2;2.0;1
SESS-15600;2026-08-18 12:41:00;USR-1668;22;Bootcamp;2;650;3ОО;Cash;Dota 2;2.0;0
SESS-10959;2026-08-05 18:42:00;USR-1535;17;PS5;4;800;1000;App;Valorant;4.0;0
SESS-17022;2026-08-11 16:08:00;USR-1329;22;Bootcamp;1;0;150;App;Deadlock;3.0;0
SESS-16427;2026-08-04 05:29:00;USR-1164;14;Standard;1;0;90;Card;CS2;2.0;1
SESS-14893;2026-08-27 09:23:00;USR-1027;35;Bootcamp;1;300;150;App;CS2;4.0;0
SESS-10225;2026-08-16 18:16:00;USR-1548;16;Standard;2;0;180;Card;Valorant;4.0;1
SESS-16170;2026-08-28 21:07:00;USR-1060;18;VIP;2;410;360;App;Dota 2;4.5;1
SESS-13354;08/07/26;USR-1617;22;Standard;4;0;400;Card;CS2;4.5;0
SESS-15895;2026-08-29 16:44:00;USR-1655;21;Standard;2;160;200;Card;CS2;2.0;0
;2026-08-31 11:24:00;USR-1019;22;Standard;4;0;400;Card;Dota 2;4.0;0
SESS-10562;2026-08-22 21:00:00;USR-1439;16;Standard;8;0;800;Card;Deadlock;3.0;0
SESS-13436;2026-08-17 13:15:00;USR-1039;20;Bootcamp;2;410;300;Card;CS2;4.0;0
SESS-16373;2026-08-01 13:42:00;USR-1531;22;VIP;2;650;400;App;Cyberpunk 2077;4.5;0
SESS-16181;2026-08-12 03:08:00;USR-1018;26;Standard;4;0;400;Card;Dota 2;4.5;0
SESS-11693;2026-08-12 00:24:00;USR-1019;22;;Standard;2;0;Card;CS2;4.0;0
SESS-16893;2026-08-18 05:56:00;USR-1193;19;Standard;2;100;200;Card;GTA V;4.0;0
SESS-11045;2026-08-06 01:59:00;USR-1569;19;VIP;3;610;600;Cash;CS2;4.0;0
SESS-13446;2026-08-22 15:15:00;USR-1652;27;Standard;2;400;200;Card;CS2;5.0;0
SESS-14565;2026-08-10 17:25:00;USR-1504;23;PS5;1;0;250;App;CS2;4.0;0
SESS-10954;2026-08-28 20:45:00;USR-1453;26;Standard;3;0;270;Card;GTA V;5.0;1
SESS-17282;2026-08-21 03:08:00;USR-1179;21;VIP;2;200;400;Card;CS2;5.0;0
;2026-08-03 16:13:00;USR-1630;21;Bootcamp;3;490;405;Card;CS2;4.0;1
SESS-11315;2026-08-05 11:29:00;USR-1330;18;Standard;3;240;300;App;Dota 2;4.5;0
;2026-08-27 16:36:00;;22;Standard;8;0;800;Card;Minecraft;3.0;0
SESS-17266;2026-08-15 04:21:00;USR-1712;35;Standard;4;800;400;Card;Apex Legends;4.0;0
SESS-11218;2026-08-11 02:40:00;USR-1187;23;Bootcamp;1;0;150;Card;PUBG;4.0;0
SESS-15254;2026-08-08 14:17:00;USR-1409;28;Standard;2;160;200;Card;CS2;4.0;0
SESS-15511;2026-08-03 05:57:00;USR-1175;25;VIP;2;0;400;Cash;Cyberpunk 2077;4.5;0
SESS-17174;2026-08-19 22:32:00;USR-1248;26;VIP;1;0;180;Card;Dota 2;3.0;1
SESS-11527;2026-08-22 01:58:00;USR-1733;22;Standard;2;0;200;Card;Dota 2;5.0;0
SESS-13987;2026-08-12 19:20:00;USR-1022;20;PS5;3;0;750;Cash;Minecraft;4.5;0
SESS-10177;2026-08-06 14:57:00;USR-1492;16;VIP;2;410;360;Card;CS2;4.0;1
SESS-11300;2026-08-05 07:43:00;USR-1417;19;;Standard;1;200;Card;Minecraft;5.0;1
SESS-15065;15.08.2026;USR-1537;16;VIP;2;0;360;Card;PUBG;5.0;1
SESS-16944;2026-08-22 10:40:00;USR-1497;14;Bootcamp;8;0;1080;Card;Apex Legends;1.0;1
SESS-15699;2026-08-04 21:39:00;USR-1253;20;Standard;1;0;100;App;CS2;5.0;0
SESS-10160;2026-08-27 06:19:00;USR-1771;21;PS5;5;400;1250;App;Valorant;5.0;0
SESS-14067;2026-08-16 03:20:00;USR-1002;22;VIP;2;650;400;App;Cyberpunk 2077;4.5;0
SESS-15800;2026-08-17 04:49:00;USR-1137;16;Standard;5;0;500;App;Dota 2;4.0;0
SESS-10956;2026-08-07 15:50:00;USR-1696;21;Standard;2;0;200;Card;Apex Legends;4.5;0
SESS-13791;2026-08-19 11:15:00;USR-1596;18;Standard;2;0;200;Card;Deadlock;4.0;0
SESS-13234;2026-08-18 08:00:00;USR-1766;33;Bootcamp;1;0;150;Card;Apex Legends;4.0;0
SESS-12869;2026-08-22 12:40:00;USR-1031;24;Bootcamp;3;0;450;Card;Dota 2;4.0;0
SESS-13777;2026-08-11 14:29:00;USR-1549;19;Bootcamp;3;0;450;Cash;Deadlock;4.0;0
SESS-14433;2026-08-30 00:21:00;USR-1404;15;Standard;4;480;400 ₽;App;PUBG;4.5;0
SESS-14973;2026-08-31 12:05:00;USR-1003;24;VIP;3;0;540;Cash;CS2;4.5;1
SESS-16015;2026-08-07 21:21:00;USR-1285;14;Standard;1;80;100;Card;Deadlock;3.0;0
SESS-12961;2026-08-09 02:57:00;USR-1242;15;PS5;1;0;250;Card;CS2;;0
SESS-15980;2026-08-25 08:47:00;USR-1259;21;Standard;3;0;300;Cash;Minecraft;5.0;0
SESS-12200;2026-08-05 11:20:00;USR-1160;14;Standard;8;400;720;App;Apex Legends;3.0;1
SESS-10098;2026-08-20 07:18:00;USR-1022;20;Standard;2;160;200;Card;CS2;4.0;0
SESS-14108;2026-08-28 17:39:00;USR-1153;22;PS5;12;2400;3000;Card;Minecraft;4.0;0
SESS-12557;2026-08-13 16:04:00;USR-1530;21;VIP;2;0;400;Card;CS2;2.0;0
SESS-13183;2026-08-22 22:09:00;USR-1634;28;Standard;1;0;90;Card;Dota 2;4.0;1
SESS-10253;2026-08-27 13:28:00;USR-1756;25;Standard;1;120;100;Card;Deadlock;4.5;0
SESS-13923;2026-08-27 21:41:00;USR-1443;14;Standard;2;240;200;Card;CS2;4.0;0
SESS-14199;2026-08-15 11:17:00;USR-1799;20;Bootcamp;3;0;450;App;Dota 2;4.0;0
SESS-11445;2026-08-21 22:53:00;USR-1058;15;VIP;2;0;400;Cash;CS2;3.0;0
SESS-15539;2026-08-07 17:29:00;USR-1204;14;Bootcamp;8;0;1080;App;CS2;5.0;1
SESS-11648;2026-08-30 09:57:00;USR-1723;18;Standard;2;0;200;Card;CS2;3.0;0
SESS-14682;2026-08-05 08:36:00;USR-1443;14;Standard;3;0;300;Card;Valorant;3.0;0
SESS-14723;2026-08-24 06:35:00;USR-1355;15;Standard;3;0;300;App;CS2;4.0;0
SESS-13991;2026-08-05 20:25:00;USR-1553;17;Standard;2;240;200;Card;Dota 2;4.0;0
SESS-11696;2026-08-16 10:46:00;USR-1221;22;Standard;3;150;300;Cash;Valorant;3.0;0
SESS-13191;2026-08-15 10:02:00;USR-1212;20;Standard;1;0;100;Card;Valorant;4.0;0
SESS-16197;2026-08-21 13:23:00;USR-1422;17;Bootcamp;12;0;1800;Card;CS2;4.0;0
SESS-16295;2026-08-24 06:52:00;USR-1195;16;PS5;4;480;1000;Card;CS2;3.0;0
SESS-14499;2026-08-19 13:12:00;USR-1218;16;Standard;3;600;300;Cash;Dota 2;4.5;0
SESS-11154;2026-08-10 07:17:00;USR-1734;29;Standard;4;0;360;Card;Cyberpunk 2077;4.0;1
SESS-12255;2026-08-20 18:37:00;USR-1236;21;Standard;4;320;400;App;PUBG;4.0;0
SESS-16959;2026-08-10 18:39:00;USR-1209;24;Bootcamp;2;410;300;Card;Dota 2;4.5;0
SESS-11682;2026-08-19 17:41:00;USR-1188;26;Standard;4;800;400;App;Dota 2;4.5;0
SESS-13170;2026-08-10 02:41:00;USR-1301;23;VIP;5;0;1000;Card;CS2;4.0;0
SESS-12056;2026-08-24 13:45:00;USR-1079;21;Standard;3;0;300 руб.;Card;CS2;1.0;0
SESS-17158;2026-08-05 05:59:00;USR-1760;17;Standard;2;240;200;App;CS2;3.0;0
SESS-14090;2026-08-30 21:36:00;USR-1282;28;VIP;3;400;540;App;CS2;5.0;1
SESS-12996;2026-08-23 23:03:00;USR-1754;20;Standard;1;0;100;Card;Apex Legends;5.0;0
SESS-13108;2026-08-21 01:19:00;USR-1511;22;Standard;3;600;300;App;PUBG;4.0;0
SESS-14548;2026-08-17 21:00:00;USR-1453;26;Standard;3;0;300;App;Valorant;1.0;0
SESS-13723;2026-08-27 09:27:00;USR-1227;24;VIP;2;410;400;Card;Valorant;4.5;0
SESS-16397;2026-08-29 11:03:00;USR-1008;16;Standard;2;100;200;Card;CS2;5.0;0
SESS-15423;2026-08-30 11:40:00;USR-1013;22;VIP;2;340;400;Card;Valorant;5.0;0
SESS-17040;2026-08-22 23:13:00;USR-1651;18;VIP;1;180;180;Card;CS2;5.0;1
SESS-12049;2026-08-05 05:06:00;USR-1505;28;PS5;3;600;750;Card;Deadlock;5.0;0
SESS-14976;2026-08-31 16:09:00;USR-1212;20;Standard;1;0;90;Card;Dota 2;5.0;1
SESS-13643;2026-08-21 16:53:00;USR-1184;23;Standard;1;50;90;Card;Dota 2;2.0;1
SESS-11550;2026-08-21 06:41:00;USR-1709;17;Bootcamp;3;0;405;Card;Minecraft;3.0;1
SESS-10623;2026-08-15 11:44:00;USR-1173;15;Bootcamp;4;0;600;Card;CS2;4.0;0
SESS-16489;2026-08-29 04:07:00;USR-1275;24;Bootcamp;3;0;405;Cash;PUBG;4.0;1
SESS-17256;2026-08-17 14:43:00;USR-1259;21;Bootcamp;3;700;450;App;Dota 2;4.0;0
SESS-15883;2026-08-22 15:57:00;USR-1245;19;Standard;2;0;180;Card;CS2;3.0;1
SESS-10262;2026-08-02 22:41:00;USR-1359;23;Standard;2;160;200;Card;CS2;4.0;0
SESS-15730;2026-08-29 02:01:00;USR-1216;20;Bootcamp;4;570;600;Card;Apex Legends;4.5;0
SESS-13369;2026-08-20 08:05:00;USR-1481;32;PS5;2;100;500;Card;Dota 2;4.0;0
SESS-14061;2026-08-30 13:03:00;USR-1206;15;Standard;4;800;400;App;Minecraft;3.0;0
SESS-15534;2026-08-26 00:13:00;USR-1345;140;PS5;-2;240;500;Card;CS2;4.0;0
SESS-16294;2026-08-16 20:04:00;USR-1262;27;Standard;3;0;270;Card;Dota 2;2.0;1
SESS-16065;2026-08-31 05:34:00;USR-1082;32;Standard;2;0;200;Card;CS2;4.0;0
SESS-16616;2026-08-03 06:56:00;USR-1612;31;VIP;1;150;180;Cash;Apex Legends;4.0;1
SESS-11802;2026-08-31 08:13:00;USR-1665;23;Bootcamp;2;650;300;Card;CS2;4.0;0
SESS-14736;2026-08-21 06:46:00;USR-1776;16;VIP;3;400;600;App;CS2;5.0;0
SESS-10503;2026-08-20 10:40:00;USR-1441;21;Standard;3;0;300;Card;CS2;3.0;0
SESS-12385;2026-08-17 04:37:00;USR-1522;22;VIP;2;0;400;Card;Dota 2;4.5;0
SESS-16694;2026-08-29 14:12:00;USR-1450;19;VIP;1;300;200;Card;Minecraft;5.0;0
SESS-15759;2026-08-10 20:26:00;USR-1370;14;Bootcamp;2;0;300;Card;Minecraft;3.0;0
SESS-11959;2026-08-12 19:15:00;USR-1085;38;Standard;12 ч.;0;1200;Card;Valorant;5.0;0
SESS-12976;2026-08-24 07:11:00;USR-1777;23;PS5;3;0;750;App;Minecraft;3.0;0
SESS-10488;2026-08-21 06:31:00;USR-1379;18;Standard;2;160;180;Card;Cyberpunk 2077;5.0;1
SESS-11843;2026-08-22 17:23:00;USR-1191;16;VIP;3;610;600;Card;Browser/Work;4.0;0
SESS-11734;2026-08-09 07:14:00;USR-1589;19;Standard;3;0;300;Card;Dota 2;4.0;0
SESS-12911;2026-08-30 03:26:00;USR-1629;22;Standard;3;0;300;App;CS2;4.0;0
SESS-13219;2026-08-16 14:57:00;USR-1474;28;Standard;2;0;200;Card;CS2;3.0;0
SESS-10146;2026-08-02 14:43:00;USR-1696;21;Standard;3;600;300;Card;CS2;2.0;0
SESS-15630;06.08.2026;USR-1433;22;VIP;4;570;800;Card;GTA V;4.5;0
SESS-11986;2026-08-06 19:26:00;USR-1331;15;PS5;1;120;250;App;Valorant;4.5;0
SESS-11369;2026-08-23 12:13:00;USR-1118;14;Bootcamp;3;0;405;Cash;CS2;5.0;1
SESS-16546;2026-08-28 19:22:00;USR-1047;32;Standard;3;240;300;App;Valorant;4.0;0
SESS-16051;2026-08-29 11:13:00;USR-1478;25;PS5;2;240;500;Card;Dota 2;3.0;0
SESS-17098;2026-08-18 21:19:00;USR-1576;36;Standard;2;0;200;App;CS2;4.0;0
SESS-12811;2026-08-10 05:03:00;USR-1259;21;Standard;3;360;300;App;PUBG;5.0;0
SESS-10659;2026-08-29 02:36:00;USR-1566;14;Standard;3;0;300;Card;PUBG;4.0;0
SESS-11794;2026-08-18 09:10:00;USR-1039;20;Bootcamp;8;0;1200;Card;CS2;4.0;0
SESS-12511;2026-08-17 22:49:00;USR-1412;34;Standard;3;0;300;Card;Valorant;3.0;0
SESS-13397;2026-08-05 22:11:00;USR-1334;24;Standard;2;400;200;Card;Dota 2;2.0;0
SESS-14282;2026-08-10 02:57:00;USR-1629;22;VIP;3;250;600;Cash;Dota 2;4.5;0
SESS-11147;2026-08-25 04:29:00;USR-1529;16;Standard;4;480;360;Card;CS2;4.5;1
SESS-13272;2026-08-22 21:55:00;USR-1798;16;Standard;2;160;200;Card;CS2;5.0;0
SESS-10608;2026-08-22 01:53:00;USR-1197;24;Standard;3;0;300;App;Dota 2;5.0;0
SESS-16287;2026-08-16 09:12:00;USR-1786;24;Bootcamp;2;0;300;Card;CS2;4.0;0
SESS-16895;2026-08-27 18:53:00;USR-1110;17;Standard;3;150;270;Card;CS2;2.0;1
SESS-13582;2026-08-29 18:07:00;USR-1660;18;Bootcamp;12;700;1620;Card;Dota 2;5.0;1
SESS-11930;2026-08-09 06:23:00;USR-1447;20;Bootcamp;2;0;300;Card;Valorant;3.0;0
SESS-17125;2026-08-13 03:15:00;USR-1099;21;Standard;2;0;200;App;CS2;5.0;0
SESS-10197;2026-08-24 15:26:00;USR-1568;21;Standard;2;100;200;Card;Deadlock;3.0;0
SESS-12931;2026-08-20 07:32:00;USR-1003;24;Standard;1;200;100;App;CS2;4.5;0
SESS-12327;2026-08-21 09:24:00;USR-1513;32;Standard;4;0;360;Cash;CS2;5.0;1
SESS-14389;2026-08-03 04:31:00;USR-1569;19;Standard;3;360;300;App;Browser/Work;1.0;0
SESS-10766;15.08.2026;USR-1435;18;Standard;2;240;180;App;CS2;4.0;1
SESS-14496;2026-08-13 13:15:00;USR-1247;22;PS5;2;400;500;Card;Dota 2;4.0;0
SESS-14218;2026-08-25 14:19:00;USR-1167;17;Standard;3;150;300;App;CS2;3.0;0
SESS-13255;2026-08-16 22:06:00;USR-1605;22;Standard;3;150;300;App;CS2;5.0;0
SESS-10202;2026-08-16 05:59:00;USR-1177;22;Standard;1;200;100;Cash;Valorant;4.0;0
SESS-13510;2026-08-20 03:53:00;USR-1526;15;Bootcamp;1;0;150;Cash;CS2;5.0;0
SESS-14931;2026-08-11 00:52:00;USR-1480;16;Standard;3;600;300;Card;CS2;5.0;0
SESS-16390;2026-08-05 00:08:00;USR-1256;21;VIP;4;0;720;App;Dota 2;4.0;1
SESS-15535;2026-08-25 20:12:00;USR-1363;26;VIP;2;200;400;Card;Dota 2;4.0;0
SESS-11733;2026-08-30 20:39:00;USR-1061;16;Standard;3;0;270;Card;Apex Legends;3.0;1
SESS-15791;2026-08-28 19:23:00;USR-1525;20;Bootcamp;2;0;300;Cash;Dota 2;4.0;0
SESS-12777;2026-08-06 03:20:00;USR-1505;28;VIP;1;0;180;Card;CS2;4.5;1
SESS-11707;2026-08-14 15:03:00;USR-1756;25;Bootcamp;2;0;300;Card;PUBG;4.0;0
SESS-15172;2026-08-03 21:21:00;USR-1483;22;Standard;1;0;100;Card;CS2;4.5;0
SESS-15249;2026-08-11 21:15:00;USR-1244;26;Bootcamp;2;490;270;Card;CS2;4.0;1
SESS-15757;2026-08-08 23:14:00;USR-1618;30;PS5;1;80;250;Card;Valorant;5.0;0
SESS-13474;2026-08-25 07:07:00;USR-1568;21;Bootcamp;2;650;300;Card;Dota 2;2.0;0
SESS-16528;2026-08-04 22:05:00;USR-1158;24;Standard;2;0;200;Card;Minecraft;3.0;0
SESS-15855;2026-08-16 07:02:00;USR-1707;20;Standard;4;800;400;Card;PUBG;4.0;0
SESS-10854;2026-08-22 09:58:00;USR-1652;27;PS5;2;0;500;Card;CS2;2.0;0
SESS-15685;2026-08-05 14:09:00;USR-1685;23;Standard;1;50;100;Card;Dota 2;4.5;0
SESS-16363;2026-08-26 19:50:00;USR-1154;22;PS5;2;160;500;App;PUBG;5.0;0
SESS-14737;2026-08-27 07:16:00;USR-1670;22;VIP;3;0;600;Card;Dota 2;3.0;0
SESS-14097;2026-08-22 21:56:00;USR-1695;37;VIP;3;0;600;App;CS2;4.0;0
SESS-12160;2026-08-18 05:23:00;USR-1074;17;Bootcamp;4;0;540;Card;PUBG;4.0;1
SESS-10698;2026-08-11 02:21:00;USR-1664;15;Standard;3;360;270;App;CS2;3.0;1
SESS-12063;2026-08-25 21:26:00;USR-1390;18;Standard;8;0;800;Card;Valorant;4.0;0
SESS-12999;2026-08-26 15:37:00;USR-1395;36;Standard;8;960;800;Card;Deadlock;4.0;0
SESS-13696;2026-08-03 15:05:00;USR-1167;17;Standard;3;0;300;Card;PUBG;4.5;0
SESS-11636;2026-08-27 06:38:00;USR-1577;23;PS5;5;0;1250;App;CS2;4.0;0
SESS-17280;2026-08-10 01:46:00;USR-1469;24;Standard;2;240;200;Card;Dota 2;4.0;0
SESS-13457;2026-08-28 12:11:00;USR-1015;23;Bootcamp;2;350;300;Cash;CS2;4.0;0
SESS-13581;2026-08-26 02:23:00;USR-1715;21;Standard;2;100;180;Card;CS2;4.5;1
SESS-11291;2026-08-23 01:00:00;USR-1582;19;VIP;1;220;200;Card;CS2;4.0;0
SESS-14659;2026-08-19 09:51:00;USR-1624;18;Standard;2;160;200;App;Valorant;5.0;0
SESS-16585;2026-08-04 18:19:00;USR-1428;16;Standard;2;400;200;Card;CS2;4.5;0
SESS-15616;2026-08-08 07:05:00;USR-1746;17;Standard;3;360;300;Card;Dota 2;4.0;0
SESS-11853;2026-08-21 17:16:00;USR-1338;22;Standard;4;0;400;Cash;CS2;4.5;0
SESS-15232;2026-08-07 23:14:00;USR-1226;38;Standard;3;150;300;App;Deadlock;4.5;0
SESS-13763;2026-08-15 07:02:00;USR-1578;17;Standard;3;0;300;App;Valorant;4.5;0
SESS-13304;08/17/26;USR-1528;24;VIP;4;0;720;Card;Valorant;4.5;1
SESS-14999;2026-08-28 05:51:00;USR-1199;26;Standard;3;600;300;App;Apex Legends;5.0;0
SESS-15727;2026-08-16 19:46:00;USR-1472;17;Standard;1;0;100;Card;GTA V;4.5;0
SESS-13743;2026-08-15 12:35:00;USR-1341;16;Standard;8;0;800;Cash;CS2;4.0;0
SESS-13445;2026-08-17 14:03:00;USR-1528;24;Standard;2;100;180;Card;CS2;4.5;1
SESS-11998;2026-08-02 21:51:00;USR-1261;35;Standard;1;120;90;Card;Dota 2;5.0;1
SESS-10663;2026-08-21 13:36:00;USR-1171;39;Standard;2;400;180;Card;Dota 2;5.0;1
SESS-14779;2026-08-04 18:35:00;USR-1025;15;Standard;2;160;200;Cash;CS2;5.0;0
SESS-15353;2026-08-10 01:06:00;USR-1476;16;Standard;3;0;300;Card;Valorant;4.0;0
SESS-13748;2026-08-27 00:19:00;USR-1027;35;Bootcamp;12;2650;1800;Card;Valorant;5.0;0
SESS-14413;2026-08-03 04:11:00;USR-1600;20;Bootcamp;1;300;150;App;CS2;4.0;0
SESS-14744;2026-08-16 19:33:00;USR-1357;23;ps5;2;0;200;Card;Dota 2;3.0;0
SESS-15530;2026-08-19 07:46:00;USR-1367;24;Bootcamp;8;1060;1200;App;Valorant;4.5;0
SESS-15575;2026-08-24 09:05:00;USR-1629;22;Standard;3;0;270;Card;Dota 2;5.0;1
SESS-10709;2026-08-24 23:47:00;USR-1616;26;VIP;1;180;200;Card;CS2;4.0;0
SESS-11282;2026-08-24 12:30:00;USR-1659;30;PS5;3;360;750;Card;Deadlock;4.0;0
SESS-15864;2026-08-12 22:46:00;USR-1734;29;Standard;1;50;100;Card;CS2;4.0;0
SESS-15068;2026-08-17 13:59:00;USR-1088;22;Bootcamp;8;500;1200;Cash;CS2;5.0;0
SESS-12675;2026-08-19 10:54:00;USR-1451;25;Standard;1;80;100;Cash;PUBG;5.0;0
SESS-16776;2026-08-12 18:32:00;USR-1276;36;VIP;2;650;400;Card;Dota 2;3.0;0
SESS-14029;08/27/26;USR-1570;26;Bootcamp;2;350;300;Card;Minecraft;4.5;0
SESS-11306;2026-08-23 10:50:00;USR-1018;26;PS5;2;0;500;Card;Valorant;4.0;0
SESS-15496;2026-08-06 11:41:00;USR-1371;16;Standard;1;0;100;Cash;Dota 2;4.0;0
SESS-15504;2026-08-28 22:30:00;USR-1268;26;VIP;5;0;1000;App;CS2;4.5;0
SESS-12237;2026-08-04 12:36:00;USR-1635;22;Standard;2;240;200;Card;Deadlock;5.0;0
SESS-13302;2026-08-14 02:28:00;USR-1444;19;VIP;2;0;400;Card;CS2;4.0;0
SESS-15592;2026-08-18 16:07:00;USR-1303;27;Bootcamp;3;0;450;Card;Dota 2;2.0;0
SESS-12038;2026-08-16 15:13:00;USR-1651;18;Standard;3;600;300;Card;CS2;4.0;0
SESS-11529;2026-08-09 21:51:00;USR-1789;20;Standard;3;150;300;Card;CS2;4.5;0
SESS-11663;2026-08-27 03:33:00;USR-1232;18;PS5;2;400;500;Card;Dota 2;5.0;0
SESS-15450;2026-08-13 10:29:00;USR-1602;15;Bootcamp;4;0;600;Card;CS2;5.0;0
SESS-10742;2026-08-06 13:45:00;USR-1563;41;Standard;1;120;100;;Dota 2;4.0;0
SESS-10982;2026-08-29 09:51:00;USR-1255;18;Standard;4;0;400;Card;CS2;4.0;0
SESS-13627;2026-08-17 19:53:00;USR-1042;16;Bootcamp;1;0;135;Card;CS2;2.0;1
SESS-15739;2026-08-17 22:33:00;USR-1650;16;Standard;2;160;200;;CS2;4.5;0
SESS-15147;2026-08-13 06:34:00;USR-1207;17;Standard;3;0;300;Card;Dota 2;3.0;0
SESS-14891;2026-08-24 21:10:00;USR-1140;20;Standard;2;0;200;App;Dota 2;3.0;0
SESS-12693;2026-08-16 03:40:00;USR-1227;24;PS5;2;0;450;Card;Dota 2;4.5;1
SESS-13060;2026-08-10 20:33:00;USR-1140;20;;Bootcamp;1;300;App;Dota 2;4.0;0
SESS-11597;2026-08-20 23:15:00;USR-1231;27;Bootcamp;8;0;1080;Card;CS2;4.0;1
SESS-16700;08/18/26;USR-1198;20;Standard;3;0;300;Card;CS2;4.0;0
SESS-12729;2026-08-14 20:09:00;USR-1698;15;Standard;2;0;200;Card;Minecraft;4.5;0
SESS-12625;2026-08-05 23:40:00;USR-1272;14;Standard;8;0;800;Card;CS2;4.5;0
SESS-15915;2026-08-13 12:49:00;USR-1331;15;Bootcamp;2;650;300;App;Minecraft;4.0;0
SESS-13157;2026-08-24 12:11:00;USR-1639;21;Bootcamp;4;0;600;App;CS2;1.0;0
SESS-13314;2026-08-10 16:01:00;USR-1654;25;Standard;1;0;100 ₽;Card;Valorant;4.5;0
SESS-11722;2026-08-28 19:27:00;USR-1606;21;Bootcamp;2;0;300;Card;Dota 2;3.0;0
SESS-15279;2026-08-29 15:21:00;USR-1276;36;Bootcamp;2;0;270;Card;GTA V;4.5;1
SESS-16668;2026-08-09 21:35:00;USR-1261;35;Standard;5;0;500;Card;Minecraft;4.5;0
SESS-11059;2026-08-01 13:23:00;USR-1547;23;Standard;1;0;100;Card;CS2;5.0;0
SESS-14636;2026-08-10 03:26:00;USR-1307;14;Standard;1;0;100;Card;CS2;5.0;0
SESS-13242;2026-08-08 08:42:00;USR-1002;22;Standard;4;0;400;Card;Minecraft;4.0;0
SESS-11678;2026-08-17 23:12:00;USR-1460;28;Bootcamp;12;0;1800;Card;Minecraft;4.0;0
SESS-16892;2026-08-21 02:38:00;USR-1790;23;Standard;3;360;300;App;CS2;3.0;0
SESS-16374;2026-08-13 07:29:00;USR-1397;24;Standard;1;80;100;App;Deadlock;4.0;0
SESS-16628;2026-08-29 04:49:00;USR-1173;15;Standard;2;0;180;Card;Valorant;5.0;1
SESS-11757;2026-08-16 17:42:00;USR-1365;24;Standard;1;80;90;Card;Apex Legends;3.0;1
SESS-16019;2026-08-16 04:58:00;USR-1709;17;Standard;2;0;200;Cash;CS2;5.0;0
SESS-14191;2026-08-21 17:04:00;USR-1451;25;Standard;1;0;100;App;CS2;5.0;0
SESS-15116;2026-08-08 03:21:00;USR-1046;20;Standard;1;0;100;Cash;Valorant;5.0;0
SESS-10563;2026-08-27 22:25:00;USR-1573;23;VIP;3;490;600;;CS2;2.0;0
SESS-12790;2026-08-04 13:12:00;USR-1551;15;VIP;1;180;200;Card;CS2;;0
SESS-10863;2026-08-12 03:25:00;USR-1758;23;Standard;2;0;200;Card;GTA V;;0
SESS-11484;2026-08-31 12:21:00;USR-1671;20;Bootcamp;8;0;1200;Cash;CS2;5.0;0
SESS-17035;2026-08-23 02:54:00;USR-1620;16;VIP;2;0;400;Card;Valorant;4.5;0
SESS-15977;2026-08-20 13:16:00;USR-1367;24;VIP;2;0;400;App;Dota 2;5.0;0
SESS-15134;2026-08-04 06:47:00;USR-1727;25;Standard;3;150;300;App;CS2;4.0;0
SESS-10206;2026-08-11 08:43:00;USR-1600;20;VIP;3;610;600;Card;Apex Legends;2.0;0
SESS-14488;2026-08-21 01:59:00;USR-1566;14;Standard;4;0;400;Card;PUBG;3.0;0
SESS-16938;2026-08-28 07:02:00;USR-1214;25;Standard;2;0;180;App;CS2;3.0;1
SESS-10870;2026-08-14 14:00:00;USR-1029;20;Standard;4;200;400;Card;Dota 2;4.0;0
SESS-14493;2026-08-03 15:27:00;USR-1131;30;Bootcamp;3;0;450;App;CS2;5.0;0
SESS-16910;2026-08-04 13:16:00;USR-1713;25;Standard;2;0;200;Card;Apex Legends;5.0;0
SESS-10502;2026-08-27 21:36:00;USR-1165;14;PS5;1;0;250;App;CS2;5.0;0
SESS-11028;2026-08-19 04:50:00;USR-1787;17;VIP;2;650;400;Card;CS2;4.0;0
SESS-13840;2026-08-30 23:26:00;USR-1291;23;Standard;8;0;800;Cash;CS2;5.0;0
SESS-12690;2026-08-27 04:19:00;USR-1286;15;Standard;1;80;100;App;CS2;4.0;0
SESS-15581;2026-08-30 11:01:00;USR-1348;20;Standard;3;0;300;Card;Minecraft;5.0;0
SESS-16756;2026-08-02 09:57:00;USR-1639;21;Bootcamp;2;200;270;Cash;CS2;4.0;1
SESS-15056;2026-08-05 00:48:00;USR-1761;18;PS5;3;0;750;Card;CS2;4.5;0
SESS-11570;2026-08-25 17:43:00;USR-1629;22;Standard;3;600;300;App;CS2;5.0;0
SESS-12773;2026-08-01 14:13:00;USR-1609;32;Standard;8;0;720;Card;Dota 2;5.0;1
SESS-15991;2026-08-18 15:31:00;USR-1193;19;Standard;3;240;300;Card;Deadlock;1.0;0
SESS-12731;2026-08-09 01:23:00;USR-1468;32;VIP;4;420;800;Card;CS2;3.0;0
SESS-16242;2026-08-16 11:31:00;USR-1130;19;Bootcamp;5;0;750;Card;Valorant;4.5;0
SESS-10804;2026-08-03 02:35:00;USR-1072;15;Standard;5;0;500;Card;Valorant;1.0;0
SESS-15847;2026-08-08 17:25:00;USR-1755;28;Bootcamp;2;500;300;Card;Deadlock;4.0;0
SESS-13645;2026-08-06 05:17:00;USR-1665;23;VIP;3;340;600;Card;CS2;5.0;0
SESS-12454;2026-08-02 05:50:00;USR-1074;17;Standard;1;50;90;Card;CS2;4.0;1
SESS-14598;2026-08-31 11:43:00;USR-1558;14;VIP;2;0;360;Card;Deadlock;4.0;1
SESS-17215;2026-08-02 19:51:00;USR-1767;29;VIP;12;0;2400;App;Valorant;5.0;0
SESS-13104;2026-08-19 12:14:00;USR-1345;26;Standard;8;0;800;Cash;CS2;1.0;0
SESS-17073;2026-08-26 23:14:00;USR-1464;18;VIP;12;850;2160;Card;CS2;5.0;1
SESS-14875;2026-08-15 21:48:00;USR-1336;17;VIP;8;890;1440;Card;Dota 2;5.0;1
SESS-15959;2026-08-25 01:55:00;USR-1288;16;Bootcamp;3;250;450;App;CS2;3.0;0
SESS-10200;2026-08-04 06:31:00;USR-1136;3;Bootcamp;-2;890;1200;Card;Deadlock;5.0;0
SESS-16278;2026-08-28 10:46:00;USR-1544;19;Standard;12;0;1200;Card;Deadlock;3.0;0
SESS-13099;2026-08-03 08:23:00;USR-1324;14;Standard;3;0;300;App;Minecraft;4.0;0
SESS-16184;2026-08-23 09:41:00;USR-1701;22;VIP;3;0;540;Card;Dota 2;4.0;1
SESS-17161;2026-08-06 11:33:00;USR-1470;22;Bootcamp;3;0;450;Card;CS2;4.5;0
SESS-12278;2026-08-22 04:11:00;USR-1213;16;VIP;3;0;600;App;Dota 2;4.0;0
SESS-13561;2026-08-17 08:22:00;USR-1576;36;VIP;2;0;400;Card;CS2;5.0;0
SESS-15892;2026-08-18 00:36:00;USR-1104;26;Standard;3;0;300;Card;Valorant;4.5;0
SESS-14474;2026-08-02 00:09:00;USR-1322;36;Standard;3;240;300;App;CS2;4.0;0
SESS-16432;2026-08-08 00:03:00;USR-1199;26;Standard;12;0;1200;Card;Minecraft;5.0;0
SESS-14514;15.08.2026;USR-1099;21;Standard;3;150;300;Card;CS2;4.0;0
SESS-15794;2026-08-11 07:09:00;USR-1778;17;VIP;2;200;400;Cash;GTA V;4.0;0
SESS-10391;2026-08-27 18:55:00;USR-1497;14;PS5;3;600;750;Card;Valorant;4.0;0
SESS-16736;2026-08-16 17:27:00;USR-1581;18;VIP;4;0;800;Cash;Dota 2;4.0;0
SESS-15618;2026-08-06 10:24:00;USR-1390;18;Standard;2;0;200;App;Dota 2;5.0;0
SESS-15258;2026-08-09 10:08:00;USR-1183;22;PS5;3;240;750;Cash;CS2;5.0;0
SESS-17230;2026-08-31 06:27:00;USR-1778;17;Bootcamp;3;0;450;App;PUBG;4.5;0
SESS-11495;2026-08-28 23:51:00;USR-1594;15;VIP;2;260;360;App;Deadlock;4.5;1
SESS-12695;2026-08-05 17:23:00;USR-1324;14;Standard;2;0;200;Card;CS2;3.0;0
SESS-12027;2026-08-28 07:20:00;USR-1516;26;VIP;3;0;540;Card;CS2;4.0;1
SESS-15248;2026-08-13 19:24:00;USR-1437;15;VIP;1;370;180;App;Valorant;3.0;1
SESS-15463;2026-08-29 10:24:00;USR-1303;27;Bootcamp;3;400;405;App;PUBG;2.0;1
SESS-12568;2026-08-25 00:56:00;USR-1221;22;Standard;2;0;180;Card;Dota 2;4.5;1
SESS-10064;2026-08-28 09:27:00;USR-1639;21;VIP;5;1250;1000;Card;Deadlock;1.0;0
SESS-13884;2026-08-04 23:57:00;USR-1668;22;Bootcamp;12;0;1800;App;Dota 2;2.0;0
SESS-12062;2026-08-16 05:03:00;USR-1053;24;Standard;5;250;500;Card;CS2;2.0;0
SESS-15276;2026-08-25 20:33:00;USR-1686;23;PS5;2;0;500;Card;Apex Legends;3.0;0
SESS-17208;2026-08-12 11:24:00;USR-1084;23;Standard;4;0;400;Card;Dota 2;4.5;0
SESS-10492;2026-08-27 01:25:00;USR-1086;24;Standard;2;0;200;Card;Dota 2;1.0;0
SESS-10379;2026-08-12 02:45:00;USR-1283;33;Standard;1;0;100;Card;Cyberpunk 2077;5.0;0
SESS-16331;2026-08-07 13:59:00;USR-1497;14;Bootcamp;1;0;150;Card;Dota 2;4.0;0
SESS-14859;2026-08-10 19:38:00;USR-1181;16;Standard;1;200;100;Card;Dota 2;;0
SESS-16360;2026-08-03 21:56:00;USR-1360;15;PS5;1;0;250;Card;CS2;5.0;0
SESS-13993;2026-08-02 18:58:00;USR-1468;32;VIP;4;0;800;Card;CS2;;0
SESS-14887;2026-08-05 23:28:00;USR-1634;28;PS5;1;50;250;Card;Deadlock;3.0;0
SESS-11076;2026-08-12 09:40:00;USR-1095;20;Bootcamp;2;490;300;Card;Dota 2;4.0;0
SESS-10878;2026-08-08 19:43:00;USR-1349;20;PS5;8;0;1800;Card;Dota 2;3.0;1
SESS-10337;2026-08-18 23:57:00;USR-1672;36;VIP ;2;350;300;Card;Valorant;4.0;0
SESS-16863;2026-08-09 19:33:00;USR-1713;25;Bootcamp;3;610;405;Card;Minecraft;4.0;1
SESS-16439;2026-08-19 19:18:00;USR-1725;21;Standard;3;600;300;App;PUBG;4.5;0
SESS-11016;2026-08-20 04:42:00;USR-1569;19;Standard;8;400;800;Card;CS2;5.0;0
SESS-11275;2026-08-27 01:26:00;USR-1778;17;Bootcamp;1;0;150;Card;Dota 2;3.0;0
SESS-13798;2026-08-28 21:44:00;USR-1475;26;Bootcamp;1;0;150;Cash;Dota 2;3.0;0
SESS-14551;2026-08-23 20:20:00;USR-1541;24;VIP;4;0;800;Card;Dota 2;4.0;0
SESS-13342;2026-08-31 21:43:00;USR-1410;25;VIP;1;180;200;Card;Dota 2;3.0;0
SESS-14911;2026-08-04 21:45:00;USR-1385;18;VIP;2;0;400;Card;Dota 2;4.0;0
SESS-16413;2026-08-10 05:42:00;USR-1578;17;Bootcamp;4;0;600;Cash;Valorant;4.0;0
SESS-10995;2026-08-04 09:24:00;USR-1133;19;PS5;1;50;250;Card;CS2;5.0;0
SESS-11981;2026-08-17 12:05:00;USR-1110;17;VIP;1;220;180;Card;PUBG;4.0;1
SESS-14297;2026-08-13 00:44:00;USR-1201;15;Standard;2;160;200;Card;Valorant;5.0;0
SESS-10161;2026-08-14 07:49:00;USR-1392;15;Standard;1;0;100;App;Valorant;5.0;0
SESS-15675;2026-08-28 03:56:00;USR-1681;27;Standard;5;0;450;Card;Minecraft;2.0;1
SESS-16873;2026-08-12 06:45:00;USR-1363;26;Bootcamp;2;0;300;Card;CS2;4.0;0
SESS-16545;2026-08-06 13:45:00;USR-1788;15;Bootcamp;1;300;150;Cash;CS2;2.0;0
SESS-14798;2026-08-17 10:48:00;USR-1361;20;Standard;2;0;200;App;Dota 2;5.0;0
SESS-11500;2026-08-22 15:55:00;USR-1091;20;VIP;5;650;900;Card;Cyberpunk 2077;5.0;1
SESS-13843;2026-08-02 12:25:00;USR-1398;16;Bootcamp;12;0;1800;Card;Deadlock;4.0;0
SESS-15225;2026-08-31 11:01:00;USR-1660;18;Standard;3;0;300;App;Browser/Work;4.5;0
SESS-12613;2026-08-11 22:07:00;USR-1103;20;Standard;3;0;300;App;Dota 2;5.0;0
SESS-13461;2026-08-06 18:27:00;USR-1664;15;Standard;4;480;400;App;GTA V;4.0;0
SESS-11021;2026-08-05 08:09:00;USR-1128;21;Bootcamp;2;0;300;Card;PUBG;3.0;0
SESS-13073;2026-08-03 07:51:00;USR-1570;26;Standard;1;0;100;Cash;GTA V;4.0;0
SESS-13943;2026-08-10 17:12:00;USR-1635;22;Standard;1;80;100;Card;Apex Legends;4.5;0
SESS-11585;2026-08-11 12:32:00;USR-1445;15;Bootcamp;2;0;300;Card;Apex Legends;4.0;0
SESS-11955;2026-08-21 12:47:00;USR-1176;20;Standard;2;0;180;Card;Apex Legends;4.0;1
SESS-13152;2026-08-29 04:53:00;USR-1512;15;PS5;2;0;500;Card;Dota 2;2.0;0
SESS-16349;23.08.2026;USR-1669;22;VIP;3;0;600;Cash;Valorant;5.0;0
SESS-10034;2026-08-28 13:08:00;USR-1193;19;Standard;3;240;300;Card;CS2;4.5;0
SESS-14014;2026-08-26 08:36:00;USR-1046;20;Standard;1;0;100;Cash;Valorant;4.0;0
SESS-10775;2026-08-18 17:22:00;USR-1789;20;Standard;3;0;300;Cash;GTA V;3.0;0
SESS-12556;2026-08-03 10:17:00;USR-1573;23;Standard;2;160;200;Cash;CS2;4.5;0
SESS-11478;2026-08-22 13:40:00;USR-1162;32;Standard;1;0;90;Card;Cyberpunk 2077;4.5;1
SESS-17099;2026-08-15 06:55:00;USR-1468;32;PS5;3;0;750;Card;CS2;2.0;0
SESS-15486;2026-08-20 15:34:00;USR-1088;22;Standard;2;0;180;Card;Minecraft;4.5;1
SESS-16235;2026-08-02 00:51:00;USR-1282;28;Standard;3;240;300;Card;Dota 2;2.0;0
SESS-11363;2026-08-17 14:35:00;USR-1015;23;Standard;2;0;200;Card;CS2;3.0;0
SESS-17041;2026-08-26 05:15:00;USR-1422;17;VIP;2;0;400;App;Dota 2;5.0;0
SESS-12612;2026-08-09 00:51:00;USR-1787;17;Standard;3;240;300;Card;CS2;1.0;0
SESS-12824;2026-08-09 04:21:00;USR-1743;30;Standard;1;0;100;Card;Dota 2;4.0;0
SESS-12041;2026-08-04 15:18:00;USR-1372;33;Standard;4;480;400;Card;Deadlock;3.0;0
SESS-10241;2026-08-11 10:36:00;USR-1128;21;Bootcamp;8;0;1200;Card;Deadlock;5.0;0
SESS-12061;2026-08-29 20:08:00;USR-1408;28;Standard;2;160;200;Card;CS2;4.0;0
SESS-12363;2026-08-19 08:21:00;USR-1125;30;Bootcamp;3;0;450;Card;Dota 2;3.0;0
SESS-10600;2026-08-09 08:03:00;USR-1288;16;Standard;8;640;800;Card;PUBG;5.0;0
SESS-12435;2026-08-01 02:18:00;USR-1111;35;VIP;4;0;800;Card;CS2;3.0;0
SESS-15393;2026-08-01 07:23:00;USR-1567;26;Standard;3;0;300;Card;Minecraft;2.0;0
SESS-16310;2026-08-26 13:31:00;USR-1786;24;VIP;1;0;200;Card;Deadlock;5.0;0
SESS-12888;2026-08-11 01:23:00;USR-1127;17;Standard;3;0;300;App;Dota 2;3.0;0
SESS-16164;2026-08-26 18:52:00;USR-1206;15;PS5;4;800;1000;Card;Dota 2;3.0;0
SESS-10646;2026-08-11 17:08:00;USR-1719;23;Standard;4;480;400;Card;Dota 2;4.0;0
SESS-13890;2026-08-12 15:41:00;USR-1317;23;Standard;2;240;180;Card;Valorant;5.0;1
SESS-13556;2026-08-24 17:05:00;USR-1745;18;VIP;2;0;400;Card;PUBG;4.5;0
SESS-13202;2026-08-25 01:05:00;USR-1145;18;VIP;1;300;200;App;Valorant;3.0;0
SESS-11528;2026-08-26 05:09:00;USR-1587;17;VIP;12;1060;2400;Card;CS2;5.0;0
SESS-16975;2026-08-08 02:22:00;USR-1790;23; Bootcamp ;3;600;300;Card;Dota 2;4.5;0
SESS-11267;2026-08-15 02:52:00;USR-1783;14;Standard;3;360;300;App;PUBG;4.5;0
SESS-11899;2026-08-09 22:46:00;USR-1425;22;Standard;2;0;180;Card;Valorant;2.0;1
SESS-14658;2026-08-10 02:41:00;USR-1136;29;Standard;4;0;4ОО;Card;CS2;4.0;0
SESS-13005;2026-08-27 22:24:00;USR-1593;20;Standard;1;0;100;;Dota 2;3.0;0
SESS-12734;2026-08-18 04:35:00;USR-1356;16;Standard;3;150;300;Card;Dota 2;4.0;0
SESS-17101;2026-08-29 04:59:00;USR-1202;27;Standard;5;600;450;App;Dota 2;4.0;1
SESS-10189;2026-08-30 09:14:00;USR-1038;26;Standard;2;100;200;Card;Dota 2;5.0;0
SESS-11806;2026-08-20 11:44:00;USR-1254;22;Standard;2;160;200;App;CS2;4.5;0
SESS-10975;2026-08-02 03:04:00;USR-1171;39;VIP;2;0;400;Cash;Dota 2;4.0;0
SESS-12747;2026-08-23 02:09:00;USR-1194;14;Standard;2;160;200;App;CS2;4.5;0
SESS-12047;2026-08-18 22:50:00;USR-1718;29;VIP;4;0;800;Card;CS2;3.0;0
SESS-12558;2026-08-21 00:40:00;USR-1531;22;Bootcamp;2;0;300;Card;CS2;5.0;0
SESS-11082;2026-08-19 05:48:00;USR-1747;25;Standard;4;200;400;Card;Dota 2;5.0;0
SESS-10474;2026-08-15 09:45:00;USR-1608;25;Bootcamp;2;0;300;Card;PUBG;4.5;0
SESS-12904;2026-08-13 05:03:00;USR-1164;14;VIP;1;180;200;Card;Dota 2;5.0;0
SESS-14843;2026-08-15 11:53:00;USR-1456;20;PS5;3;0;750;App;CS2;5.0;0
SESS-16396;2026-08-17 21:05:00;USR-1766;33;Standard;1;0;100;App;Valorant;3.0;0
SESS-14117;2026-08-17 05:02:00;USR-1692;27;;Bootcamp;12;1540;Card;Dota 2;5.0;1
SESS-13385;2026-08-24 11:46:00;USR-1178;18;Bootcamp;1;0;150;App;CS2;5.0;0
SESS-14555;2026-08-14 05:34:00;USR-1388;23;Standard;3;150;300;Card;CS2;4.0;0
SESS-11184;2026-08-29 05:07:00;USR-1621;23;VIP;5;0;1000;Card;Valorant;4.5;0
SESS-16420;2026-08-05 04:53:00;USR-1622;23;VIP;3;0;600;Card;Minecraft;3.0;0
SESS-15051;2026-08-19 02:43:00;USR-1158;24;Bootcamp;2;0;300;Card;CS2;4.5;0
SESS-15311;2026-08-18 20:22:00;USR-1560;14;Bootcamp;4;0;600;Cash;CS2;3.0;0
SESS-12433;2026-08-07 02:04:00;USR-1306;17;Standard;8;0;720;Card;CS2;1.0;1
SESS-16949;2026-08-18 08:46:00;USR-1557;18;Standard;3;150;300;Card;Apex Legends;4.5;0
SESS-15611;2026-08-24 10:40:00;USR-1102;28;PS5;3;0;750;Cash;Valorant;4.0;0
SESS-12391;2026-08-30 13:15:00;USR-1583;21;VIP;2;0;400;Card;CS2;2.0;0
SESS-10769;2026-08-10 03:52:00;USR-1590;21;VIP;1;300;200;Card;Dota 2;4.5;0
SESS-15478;2026-08-15 15:27:00;USR-1778;17;Bootcamp;8;1060;1200;App;Valorant;3.0;0
SESS-11685;2026-08-25 13:08:00;USR-1271;18;Bootcamp;12;850;1800;Card;Dota 2;4.5;0
SESS-10130;2026-08-16 17:55:00;USR-1391;20;Bootcamp;8;0;1200;Card;CS2;5.0;0
SESS-12919;2026-08-27 19:31:00;USR-1548;16;Bootcamp;2;0;300;Cash;Deadlock;5.0;0
SESS-13171;2026-08-09 00:46:00;USR-1584;14;PS5;3;0;750;Card;CS2;2.0;0
SESS-13444;2026-08-14 01:47:00;USR-1038;26;Standard;12;0;1200;Card;Dota 2;4.5;0
SESS-16231;2026-08-01 19:56:00;USR-1467;15;Standard;3;600;270;Card;Dota 2;4.0;1
SESS-15578;2026-08-25 08:40:00;USR-1155;16;;PS5;3;0;Card;Valorant;2.0;1
SESS-14426;2026-08-25 11:35:00;USR-1376;16;Standard;12;2400;1200;Card;GTA V;1.0;0
SESS-15334;2026-08-13 06:34:00;USR-1006;35;Standard;3;0;300;Card;PUBG;4.0;0
SESS-10466;2026-08-01 16:35:00;USR-1422;17;Standard;2;100;200;Card;Dota 2;4.0;0
SESS-16265;2026-08-24 09:06:00;USR-1240;21;PS5;3;360;750;Cash;Apex Legends;4.5;0
SESS-15734;2026-08-14 19:47:00;USR-1114;23;Standard;4;0;400;App;Deadlock;5.0;0
SESS-13092;2026-08-23 19:47:00;USR-1445;15;VIP;4;0;800;Card;CS2;4.0;0
SESS-13772;2026-08-04 16:09:00;USR-1563;41;Bootcamp;2;0;300;Card;GTA V;4.0;0
SESS-15191;2026-08-04 10:05:00;USR-1260;21;;VIP;2;260;Card;Minecraft;5.0;0
SESS-15226;2026-08-12 15:18:00;USR-1086;24;Standard;3;0;300;Card;CS2;4.0;0
SESS-15390;2026-08-14 21:04:00;USR-1365;24;Bootcamp;12;1540;1800;Card;CS2;3.0;0
SESS-10860;2026-08-04 17:34:00;USR-1318;35;Standard;1;0;100;Card;Dota 2;4.0;0
SESS-17270;2026-08-09 00:44:00;USR-1286;15;VIP;2;490;400;Card;Valorant;4.0;0
